  -500.00000000000000       0.18468509607143735        2.2078016034351657     
  -499.00000000000000       0.18494884868790562        2.2109638832476612     
  -498.00000000000006       0.18538934930429468        2.2162393678381291     
  -497.00000000000006       0.18586130239278789        2.2218913058864502     
  -496.00000000000000       0.18620905958352016        2.2260591955686153     
  -495.00000000000000       0.18631794312314387        2.2273722736147854     
  -494.00000000000006       0.18615204027514889        2.2254012863275494     
  -493.00000000000006       0.18576603715794646        2.2207999440026502     
  -492.00000000000000       0.18528720343835806        2.2150895770377415     
  -491.00000000000000       0.18487344713943135        2.2101577489339808     
  -490.00000000000006       0.18466124065461670        2.2076357959795074     
  -489.00000000000006       0.18472058776698735        2.2083605308279308     
  -488.00000000000000       0.18503191216149673        2.2120979821440097     
  -487.00000000000000       0.18549251642240924        2.2176206016250637     
  -486.00000000000006       0.18595047457555031        2.2231123947004607     
  -485.00000000000000       0.18625474941088402        2.2267679922244534     
  -484.00000000000000       0.18630498944291882        2.2273878927074215     
  -483.00000000000000       0.18608460135793500        2.2247737899604458     
  -482.00000000000006       0.18566622212203121        2.2197939832379987     
  -481.00000000000000       0.18518779121120302        2.2140973593394455     
  -480.00000000000000       0.18480708543237878        2.2095699298394758     
  -479.00000000000000       0.18464968099596060        2.2077128018312719     
  -478.00000000000006       0.18476750900783490        2.2091467759878993     
  -477.00000000000000       0.18512170532378805        2.2134073445360620     
  -476.00000000000000       0.18559543327274097        2.2190979664486954     
  -475.00000000000000       0.18603243720696766        2.2243509130445225     
  -474.00000000000006       0.18628858143485419        2.2274433327657222     
  -473.00000000000000       0.18627936800165848        2.2273652494782863     
  -472.00000000000000       0.18600778628569015        2.2241524593125543     
  -471.00000000000006       0.18556333733946487        2.2188748681042045     
  -470.00000000000006       0.18509255046641118        2.2132840645972109     
  -469.00000000000000       0.18475068187447771        2.2092359558889636     
  -468.00000000000000       0.18465050015512557        2.2080785807386571     
  -467.00000000000000       0.18482506152357231        2.2102071480152601     
  -466.00000000000006       0.18521678634294986        2.2149334645767267     
  -465.00000000000000       0.18569645627694048        2.2207130159035517     
  -464.00000000000000       0.18610584820555331        2.2256545859494392     
  -463.00000000000006       0.18630991603132835        2.2281440064528124     
  -462.00000000000006       0.18624130962066682        2.2273763089278216     
  -461.00000000000000       0.18592257656512967        2.2236211107070147     
  -460.00000000000000       0.18545874667183682        2.2181339743201027     
  -459.00000000000006       0.18500273119243660        2.2127428110615148     
  -458.00000000000006       0.18470491150187454        2.2092452951435031     
  -457.00000000000000       0.18466352425064461        2.2088157986189128     
  -456.00000000000000       0.18489222619217369        2.2116176817447317     
  -455.00000000000006       0.18531557100911913        2.2167492262753528     
  -454.00000000000000       0.18579390022794209        2.2225411666131198     
  -453.00000000000000       0.18616941629804512        2.2271074193675471     
  -452.00000000000000       0.18631821866492615        2.2289670906754897     
  -451.00000000000006       0.18619114784599169        2.2275327010801944     
  -450.00000000000000       0.18582999690670096        2.2233039673442301     
  -449.00000000000000       0.18535375855469680        2.2177034084661673     
  -448.00000000000000       0.18491942121955063        2.2126077260585291     
  -447.00000000000006       0.18467020630477579        2.2097290644642111     
  -446.00000000000000       0.18468830700689612        2.2100500801034881     
  -445.00000000000000       0.18496774252661977        2.2134994580403555     
  -444.00000000000006       0.18541631409191237        2.2189752937610132     
  -443.00000000000006       0.18588602119455910        2.2247086707392776     
  -442.00000000000000       0.18622188108082879        2.2288472189706523     
  -441.00000000000000       0.18631303197490659        2.2300659715888860     
  -440.00000000000000       0.18612927987304287        2.2280042226560912     
  -439.00000000000006       0.18573106523189487        2.2233846625938862     
  -438.00000000000000       0.18524956880416840        2.2177755753773267     
  -437.00000000000000       0.18484348776826362        2.2130741669661815     
  -436.00000000000006       0.18464670164045588        2.2108809961053240     
  -435.00000000000006       0.18472408522237554        2.2119717900871358     
  -434.00000000000000       0.18505007400187892        2.2160412295541874     
  -433.00000000000000       0.18551708163868097        2.2218035667921407     
  -432.00000000000000       0.18597099014398435        2.2274168542068593     
  -431.00000000000006       0.18626198138251776        2.2310905532640160     
  -430.00000000000000       0.18629393346333492        2.2316759886867481     
  -429.00000000000000       0.18605611103913997        2.2290451546768213     
  -428.00000000000006       0.18562672514977865        2.2241332668564620     
  -427.00000000000000       0.18514718560455026        2.2186309909219610     
  -426.00000000000000       0.18477550139094542        2.2144274198919272     
  -425.00000000000000       0.18463416542038263        2.2129871208829592     
  -424.00000000000006       0.18476971729192118        2.2148667740808041     
  -423.00000000000000       0.18513735645293347        2.2195312489566015     
  -422.00000000000000       0.18561570604022132        2.2255300831673526     
  -421.00000000000000       0.18604684872025085        2.2309760471849343     
  -420.00000000000006       0.18628840492062795        2.2341676559327328     
  -419.00000000000000       0.18626047345023494        2.2341502682252963     
  -418.00000000000000       0.18597197849794017        2.2310310224597263     
  -417.00000000000006       0.18551775660527250        2.2259440158647474     
  -416.00000000000006       0.18504733186087644        2.2206770623022498     
  -415.00000000000000       0.18471563677358929        2.2170826401513839     
  -414.00000000000000       0.18463190398043736        2.2164669759111533     
  -413.00000000000000       0.18482359850204111        2.2191589136364538     
  -412.00000000000006       0.18522732345447515        2.2244012086768521     
  -411.00000000000000       0.18570971819362836        2.2306003324544172     
  -410.00000000000000       0.18611144192043341        2.2358522263722969     
  -409.00000000000006       0.18629971417343233        2.2385703390996468     
  -408.00000000000006       0.18621208803373507        2.2380088647024472     
  -407.00000000000000       0.18587704828788257        2.2345089603083186     
  -406.00000000000000       0.18540465818889629        2.2293869430867321     
  -405.00000000000000       0.18495031772266007        2.2245010789077835     
  -404.00000000000006       0.18466354278346112        2.2216393205756706     
  -403.00000000000000       0.18463863700428021        2.2219296701835165     
  -402.00000000000000       0.18488354585693687        2.2254678815370532     
  -401.00000000000006       0.18531720207883656        2.2312857305411216     
  -400.00000000000006       0.18579625080173409        2.2376704723636553     
  -399.00000000000000       0.18616232208545011        2.2427299093009183     
  -398.00000000000000       0.18629424280931769        2.2450165002348812     
  -397.00000000000000       0.18614798083984260        2.2440048288443655     
  -396.00000000000000       0.18577117867621307        2.2402653298065585     
  -395.00000000000000       0.18528749301744266        2.2352770935598771     
  -394.00000000000000       0.18485587445851459        2.2309411210669992     
  -393.00000000000006       0.18461817270260858        2.2289540294700672     
  -392.00000000000000       0.18465233277846352        2.2302485897233741     
  -391.00000000000000       0.18494664451644954        2.2346859223344726     
  -390.00000000000000       0.18540357210318451        2.2411012752990795     
  -388.99999999999994       0.18587190668914561        2.2476883582123355     
  -388.00000000000000       0.18619661839476059        2.2525952436890790     
  -387.00000000000000       0.18626995651144457        2.2545351884297054     
  -386.00000000000000       0.18606696645138465        2.2532111812421114     
  -385.00000000000006       0.18565374140728741        2.2494145783233135     
  -384.00000000000000       0.18516568865033706        2.2447653120364754     
  -383.00000000000000       0.18476293948066386        2.2411788893388622     
  -382.00000000000006       0.18457756452430840        2.2402354369314099     
  -381.00000000000006       0.18466999447475538        2.2426587832121490     
  -380.00000000000000       0.18500904784366315        2.2480777242908010     
  -379.00000000000000       0.18548218200250957        2.2551485607083412     
  -378.00000000000000       0.18593258637244553        2.2619984884294428     
  -377.00000000000006       0.18621086621707850        2.2668433964373755     
  -376.00000000000000       0.18622427179204953        2.2685763224723101     
  -375.00000000000000       0.18596726770235511        2.2671328606361887     
  -374.00000000000006       0.18552339144613794        2.2635133773955429     
  -373.00000000000006       0.18503778040405489        2.2594546163665594     
  -372.00000000000000       0.18466938147121909        2.2568584423666400     
  -371.00000000000000       0.18453856085949946        2.2571656025736173     
  -370.00000000000000       0.18468738845487753        2.2608809921296951     
  -369.00000000000000       0.18506572389722484        2.2674073380335624     
  -368.00000000000000       0.18554771618310914        2.2752424275871586     
  -367.00000000000000       0.18597327017564658        2.2824747755495833     
  -366.00000000000006       0.18620079135338291        2.2874141038546716     
  -365.00000000000000       0.18615382655127230        2.2891488571652681     
  -364.00000000000000       0.18584625871658683        2.2878473658595344     
  -363.00000000000000       0.18537777528959865        2.2847036780648948     
  -362.00000000000000       0.18490108706919586        2.2815457145918336     
  -361.00000000000000       0.18457165472227927        2.2802343315525246     
  -360.00000000000000       0.18449645888913160        2.2820509514203327     
  -359.00000000000000       0.18469870719023015        2.2872756946301971     
  -358.00000000000006       0.18511014326768596        2.2950954492504896     
  -357.00000000000000       0.18559351005655256        2.3038723856975727     
  -356.00000000000000       0.18598775201879345        2.3116842785875038     
  -355.00000000000006       0.18616104548721824        2.3169584003535229     
  -354.00000000000006       0.18605419684715599        2.3189902772745512     
  -353.00000000000000       0.18570014595835196        2.3181768218012428     
  -352.00000000000000       0.18521316839621502        2.3158872631199734     
  -351.00000000000000       0.18475130903459899        2.3140141019566984     
  -350.00000000000006       0.18446437361198662        2.3143514350384584     
  -349.00000000000000       0.18444458345295453        2.3180051140354476     
  -348.00000000000000       0.18469616265052630        2.3250292121169847     
  -347.00000000000006       0.18513390659264820        2.3344089159383032     
  -346.00000000000006       0.18561121269545314        2.3443955905589884     
  -345.00000000000000       0.18596832453611906        2.3530834623724930     
  -344.00000000000000       0.18608489103206205        2.3590378807248107     
  -343.00000000000000       0.18591955582875203        2.3617685459479496     
  -342.00000000000006       0.18552358114182224        2.3618923608127367     
  -341.00000000000000       0.18502403448257784        2.3609324553947109     
  -340.00000000000000       0.18458204199911263        2.3608191740114863     
  -339.00000000000006       0.18433980233989719        2.3632567130837225     
  -338.00000000000000       0.18437378128365017        2.3691636408758305     
  -337.00000000000000       0.18466951108908233        2.3783716673714181     
  -336.00000000000006       0.18512631471132926        2.3896821177945431     
  -335.00000000000000       0.18559040058810158        2.4012615302008520     
  -334.00000000000000       0.18590541807551281        2.4112459662987566     
  -333.00000000000000       0.18596383596876159        2.4183551601284692     
  -332.00000000000000       0.18574227338307922        2.4223148424274661     
  -331.00000000000006       0.18530920337644305        2.4239488253580994     
  -330.00000000000000       0.18480250438915957        2.4249106666442253     
  -329.00000000000000       0.18438420585483328        2.4271427273661277     
  -328.00000000000006       0.18418726239615221        2.4322399451612151     
  -326.99999999999994       0.18427184182100478        2.4409273303690280     
  -326.00000000000000       0.18460551671827924        2.4528231916697556     
  -325.00000000000000       0.18507388949405540        2.4665661444578260     
  -324.00000000000000       0.18551814954725906        2.4802640490630004     
  -323.00000000000006       0.18578719875919447        2.4921170888952191     
  -322.00000000000000       0.18578722211019491        2.5010103083510877     
  -321.00000000000000       0.18551245934793115        2.5068814389413259     
  -320.00000000000006       0.18504711456492967        2.5107437253911509     
  -318.99999999999994       0.18453778132706719        2.5143563129120516     
  -318.00000000000000       0.18414539915133293        2.5196499654078366     
  -317.00000000000000       0.18399247133215438        2.5280961416198711     
  -316.00000000000000       0.18412285973159362        2.5402264093986120     
  -315.00000000000006       0.18448736878403418        2.5554601288959486     
  -314.00000000000000       0.18495985737962295        2.5722970472508671     
  -313.00000000000000       0.18537857362962118        2.5888113915919946     
  -312.00000000000000       0.18559913220001784        2.6032851292977024     
  -311.00000000000000       0.18554177348116341        2.6147728759198494     
  -310.00000000000000       0.18521746007705220        2.6234138367214688     
  -309.00000000000000       0.18472430342692636        2.6303890925633890     
  -308.00000000000000       0.18421549432694756        2.6375382611576650     
  -307.00000000000000       0.18384920604591706        2.6467606704757314     
  -306.00000000000000       0.18373684147175434        2.6593967386322870     
  -305.00000000000000       0.18390656524613436        2.6757920619465954     
  -304.00000000000000       0.18429407204636467        2.6951870676025553     
  -303.00000000000000       0.18476360815124920        2.7159682953578765     
  -302.00000000000000       0.18515233782427434        2.7361987282219400     
  -301.00000000000000       0.18532351840466560        2.7542534160678525     
  -300.00000000000000       0.18521111515331898        2.7693527743611757     
  -299.00000000000000       0.18484132891379401        2.7818199121544205     
  -298.00000000000000       0.18432405153990714        2.7929784948425542     
  -297.00000000000000       0.18381704455875564        2.8047245575432198     
  -296.00000000000000       0.18347450598104312        2.8189117047401413     
  -295.00000000000000       0.18339678611732163        2.8367500453859877     
  -294.00000000000000       0.18359765914118381        2.8584149794173763     
  -293.00000000000000       0.18399983195836414        2.8829935160295306     
  -292.00000000000000       0.18446013532920755        2.9087853951415044     
  -291.00000000000000       0.18481614245490052        2.9338603388487354     
  -290.00000000000000       0.18493899807151593        2.9566895384304068     
  -289.00000000000000       0.18477527652997658        2.9766459995718981     
  -288.00000000000000       0.18436430663425116        2.9942116315760927     
  -287.00000000000000       0.18382538118579839        3.0108243566589072     
  -286.00000000000000       0.18331902172134765        3.0284150913379078     
  -285.00000000000000       0.18299486774748372        3.0487848460876443     
  -284.00000000000000       0.18294310368030836        3.0730241135177532     
  -283.00000000000000       0.18316519840409518        3.1011631085036009     
  -282.00000000000000       0.18357345048047777        3.1321663336434669     
  -281.00000000000000       0.18401944852775931        3.1642727785603006     
  -280.00000000000000       0.18434215825647837        3.1955707233382022     
  -279.00000000000000       0.18442001777698094        3.2246204532550182     
  -278.00000000000000       0.18421019440743938        3.2509235089087825     
  -277.00000000000000       0.18376236696634904        3.2750874289196785     
  -276.00000000000000       0.18320263965125214        3.2986334637976253     
  -275.00000000000000       0.18269281117710673        3.3235097021441304     
  -274.00000000000000       0.18237815123634435        3.3514668212931489     
  -273.00000000000000       0.18234053944002171        3.3834979387375257     
  -272.00000000000000       0.18257208827103724        3.4195233175918065     
  -271.00000000000000       0.18297773698478248        3.4584213731724849     
  -270.00000000000000       0.18340592049827048        3.4983952703184991     
  -269.00000000000000       0.18369735756562938        3.5375561065818797     
  -268.00000000000000       0.18373621470850021        3.5745344925336324     
  -267.00000000000000       0.18348722215704913        3.6089242099194796     
  -266.00000000000000       0.18300689744751963        3.6414163679192266     
  -265.00000000000000       0.18242535321229292        3.6735819407623969     
  -264.00000000000000       0.18190456671077876        3.7073729439021337     
  -263.00000000000000       0.18158649708138000        3.7445022569630533     
  -262.00000000000000       0.18154766973368960        3.7859007518976657     
  -261.00000000000000       0.18177475767191825        3.8314254062795610     
  -260.00000000000000       0.18216893039274476        3.8799112866723151     
  -259.00000000000000       0.18257749574139068        3.9295497747669064     
  -258.00000000000000       0.18284263366327147        3.9784710985236424     
  -257.00000000000000       0.18285162615214670        4.0253447466682184     
  -256.00000000000000       0.18257261101843653        4.0698068426661758     
  -255.00000000000000       0.18206457487470706        4.1125795893688544     
  -254.00000000000000       0.18145850964599036        4.1552460199882306     
  -253.00000000000000       0.18091578378709197        4.1997523881268561     
  -252.00000000000000       0.18057696674416399        4.2477964426412518     
  -251.00000000000000       0.18051733850832352        4.3002956129824197     
  -250.00000000000000       0.18072316033349203        4.3571033614585426     
  -249.00000000000000       0.18109615400218149        4.4170627233045758     
  -248.00000000000000       0.18148466146367265        4.4783787670235293     
  -247.00000000000000       0.18173152408274357        4.5391909096333984     
  -246.00000000000000       0.18172351817072191        4.5981638334555601     
  -245.00000000000000       0.18142681179773743        4.6549113086796323     
  -244.00000000000000       0.18089740367821161        4.7101209661984473     
  -243.00000000000003       0.18026339504485689        4.7653423790882021     
  -242.00000000000000       0.17968475193689878        4.8225060787480434     
  -241.00000000000003       0.17930321537125904        4.8833248057592460     
  -240.00000000000000       0.17919804822783372        4.9487645302418919     
  -239.00000000000003       0.17936142463729154        5.0187502673693869     
  -238.00000000000000       0.17970106054111376        5.0921975173150917     
  -237.00000000000003       0.18006912392408625        5.1673578357861896     
  -236.00000000000000       0.18030827331927848        5.2423691443727174     
  -235.00000000000003       0.18030042854965819        5.3158386990613993     
  -234.00000000000000       0.18000316752446793        5.3872781469596411     
  -233.00000000000003       0.17946260077883711        5.4572574115420274     
  -232.00000000000000       0.17879890418463582        5.5272317501890216     
  -231.00000000000003       0.17816911173306485        5.5990969929403516     
  -230.00000000000000       0.17771871980790238        5.6746110415146402     
  -229.00000000000003       0.17753702675797903        5.7548600188146661     
  -228.00000000000000       0.17762990288144898        5.8399327716824105     
  -227.00000000000000       0.17791824377620835        5.9289023771339151     
  -226.00000000000000       0.17826241061445450        6.0201182799603812     
  -225.00000000000000       0.17850499636363396        6.1117174864880246     
  -224.00000000000000       0.17851874373641075        6.2021973376610413     
  -223.00000000000000       0.17824502577108534        6.2908754723264542     
  -222.00000000000000       0.17771132412569304        6.3780987411325016     
  -221.00000000000000       0.17702259788355940        6.4651400232327623     
  -220.00000000000000       0.17632933754842511        6.5538163522903492     
  -219.00000000000000       0.17578207911379945        6.6459451952767337     
  -218.00000000000000       0.17548614562267134        6.7428034515606852     
  -217.00000000000000       0.17547021184639100        6.8447516859814748     
  -216.00000000000000       0.17567802197004734        6.9511351192117887     
  -215.00000000000000       0.17598554900605951        7.0604887327562009     
  -214.00000000000000       0.17623823685521850        7.1709824288145079     
  -213.00000000000000       0.17629703972284280        7.2809713471490749     
  -212.00000000000000       0.17607951596823879        7.3894870644127471     
  -211.00000000000000       0.17558388992511781        7.4965252020146051     
  -210.00000000000003       0.17488917245137886        7.6030468541709606     
  -209.00000000000000       0.17413153827695133        7.7106962043359610     
  -208.00000000000003       0.17346410272870486        7.8213197085806963     
  -207.00000000000000       0.17301201861195434        7.9364293399606192     
  -206.00000000000003       0.17283606199369156        8.0567673050031345     
  -205.00000000000000       0.17291525666098934        8.1820983375253533     
  -204.00000000000003       0.17315340464035001        8.3112877509725323     
  -203.00000000000000       0.17340735965259485        8.4426393919892124     
  -202.00000000000003       0.17352860057110733        8.5743925731058876     
  -201.00000000000000       0.17340595859074465        8.7052327949887278     
  -200.00000000000003       0.17299722916088994        8.8346696028790870     
  -199.00000000000000       0.17234078495454730        8.9631753869465118     
  -198.00000000000000       0.17154413670810978        9.0920486314234221     
  -197.00000000000000       0.17075296527568998        9.2230437289862781     
  -196.00000000000000       0.17010961942010333        9.3578748758410484     
  -195.00000000000000       0.16971292941772040        9.4977356962750825     
  -194.00000000000000       0.16959065771704759        9.6429699237194075     
  -193.00000000000000       0.16969218414156151        9.7929839536611425     
  -192.00000000000000       0.16990320859876207        9.9464225802770532     
  -191.00000000000000       0.17007804605465124        10.101555019628650     
  -190.00000000000000       0.17008026185999497        10.256760627348681     
  -189.00000000000000       0.16982027033347336        10.410978315902511     
  -188.00000000000000       0.16927959557655636        10.563996539462481     
  -187.00000000000003       0.16851536094118497        10.716506943735640     
  -186.00000000000000       0.16764408877484704        10.869910703566978     
  -185.00000000000000       0.16680952526578838        11.025933906932211     
  -183.99999999999997       0.16614344839049833        11.186159064159620     
  -183.00000000000003       0.16573016250924374        11.351600686132155     
  -182.00000000000000       0.16558420356164197        11.522438774790404     
  -181.00000000000000       0.16564704275868269        11.697979410497297     
  -179.99999999999997       0.16580335228443857        11.876849171636971     
  -179.00000000000003       0.16591214618251973        12.057367362538416     
  -178.00000000000000       0.16584426096277866        12.237994021711016     
  -176.99999999999997       0.16551617806785229        12.417734202036145     
  -176.00000000000003       0.16491140506047261        12.596393534833792     
  -175.00000000000003       0.16408409376844890        12.774621465075818     
  -174.00000000000000       0.16314429938365926        12.953735033948536     
  -172.99999999999997       0.16222902586851920        13.135372760237473     
  -172.00000000000003       0.16146675974991123        13.321070686816736     
  -171.00000000000003       0.16094469675604664        13.511870616791919     
  -170.00000000000000       0.16068697799409640        13.708059951884684     
  -168.99999999999997       0.16064925520189635        13.909106719164589     
  -168.00000000000003       0.16073062326646931        14.113802195598582     
  -167.00000000000000       0.16079953707649797        14.320570692481249     
  -166.00000000000000       0.16072691181919971        14.527865205783923     
  -164.99999999999997       0.16041801956915877        14.734548677445691     
  -164.00000000000003       0.15983535183735614        14.940167268728274     
  -163.00000000000000       0.15900707291258831        15.145051394451279     
  -162.00000000000000       0.15801935286581045        15.350224064695617     
  -160.99999999999997       0.15699481068071283        15.557143195971355     
  -160.00000000000003       0.15606257280547195        15.767343699110551     
  -159.00000000000000       0.15532731095238050        15.982067366750771     
  -158.00000000000000       0.15484466861112106        16.201969128617886     
  -156.99999999999997       0.15460875971127780        16.426967610714218     
  -156.00000000000003       0.15455439251142467        16.656271711331620     
  -155.00000000000000       0.15457311196838094        16.888572354817320     
  -154.00000000000000       0.15453894328577253        17.122350207080935     
  -152.99999999999997       0.15433760964802362        17.356224918991213     
  -152.00000000000003       0.15389242768728650        17.589264657018031     
  -151.00000000000000       0.15318109770094673        17.821186795031359     
  -149.99999999999997       0.15223987672502201        18.052407788475389     
  -148.99999999999997       0.15115457126685225        18.283935499129235     
  -148.00000000000003       0.15004072940046667        18.517132416291243     
  -147.00000000000000       0.14901771110443016        18.753405703109440     
  -145.99999999999997       0.14818250207306302        18.993894177576667     
  -145.00000000000003       0.14758899559939376        19.239220656521297     
  -144.00000000000003       0.14723707896912364        19.489361497571331     
  -143.00000000000000       0.14707357777768379        19.743657884054116     
  -141.99999999999997       0.14700447590681298        20.000961892509196     
  -141.00000000000003       0.14691543991252898        20.259881826076015     
  -140.00000000000000       0.14669604470907321        20.519071790776835     
  -139.00000000000000       0.14626252839667170        20.777503689920987     
  -137.99999999999997       0.14557444592099583        21.034666288798661     
  -137.00000000000003       0.14464205178428821        21.290653460227080     
  -136.00000000000000       0.14352325909693572        21.546127832372431     
  -135.00000000000000       0.14231115736276645        21.802171582018179     
  -133.99999999999997       0.14111490047550140        22.060057980177795     
  -133.00000000000003       0.14003796347349046        22.320991486389936     
  -132.00000000000000       0.13915811553639604        22.585868358911821     
  -131.00000000000000       0.13851293961636299        22.855103566925820     
  -129.99999999999997       0.13809348730954443        23.128554947220088     
  -129.00000000000003       0.13784697107829891        23.405555388408882     
  -128.00000000000000       0.13768762242872368        23.685042626349702     
  -126.99999999999999       0.13751334001533078        23.965758248995126     
  -125.99999999999997       0.13722479244238767        24.246476043275507     
  -125.00000000000003       0.13674337036207065        24.526216587251831     
  -124.00000000000000       0.13602479543583199        24.804409927201007     
  -122.99999999999999       0.13506615458376414        25.080979664863541     
  -121.99999999999997       0.13390541665926414        25.356337184598850     
  -121.00000000000001       0.13261385279450580        25.631291055918968     
  -120.00000000000000       0.13128298301149346        25.906891007055687     
  -118.99999999999999       0.13000852124718562        26.184236020228454     
  -117.99999999999997       0.12887417119174324        26.464280644512520     
  -117.00000000000001       0.12793800201081135        26.747672147950563     
  -116.00000000000000       0.12722355635052912        27.034644237299563     
  -114.99999999999999       0.12671693729353931        27.324982247204129     
  -114.00000000000003       0.12637006125706243        27.618062033829524     
  -113.00000000000001       0.12610924252607769        27.912952600020578     
  -112.00000000000000       0.12584746431973576        28.208562787337758     
  -110.99999999999999       0.12549821101140315        28.503806629423959     
  -110.00000000000003       0.12498863600546589        28.797760764463511     
  -109.00000000000001       0.12427009813272751        29.089790392799920     
  -108.00000000000000       0.12332463752199860        29.379626697875601     
  -106.99999999999997       0.12216666699465012        29.667387076879329     
  -106.00000000000003       0.12083990473486043        29.953538489018928     
  -105.00000000000001       0.11941025626717656        30.238812384879743     
  -103.99999999999999       0.11795588018995487        30.524085972782753     
  -102.99999999999997       0.11655598486451497        30.810248316475395     
  -102.00000000000003       0.11527997780312257        31.098070649502088     
  -101.00000000000001       0.11417843418415116        31.388098435032369     
  -99.999999999999986       0.11327700405642409        31.680578553660890     
  -98.999999999999972       0.11257390161220944        31.975429309674066     
  -98.000000000000028       0.11204109119980711        32.272254626405100     
  -97.000000000000000       0.11162878277904296        32.570397801086315     
  -95.999999999999986       0.11127244333432355        32.869025334291528     
  -94.999999999999972       0.11090126852056945        33.167228214435184     
  -94.000000000000014       0.11044696179068324        33.464126878023002     
  -93.000000000000000       0.10985173048015849        33.758966810193520     
  -91.999999999999986       0.10907460158155992        34.051194060183128     
  -90.999999999999972       0.10809544199332954        34.340503317830461     
  -90.000000000000014       0.10691639173832351        34.626855066681550     
  -89.000000000000000       0.10556073972753742        34.910462167251843     
  -87.999999999999986       0.10406955385771183        35.191749597402953     
  -86.999999999999972       0.10249659484056882        35.471293677953867     
  -86.000000000000014       0.10090218127668590        35.749748762585405     
  -85.000000000000000       9.93467271654731032E-002   36.027770012728162     
  -83.999999999999986       9.78846459611715375E-002   36.305940554397189     
  -83.000000000000028       9.65592183107053664E-002   36.584710154755058     
  -82.000000000000014       9.53988703386040998E-002   36.864350759930218     
  -81.000000000000000       9.44151263630399196E-002   37.144932048361035     
  -79.999999999999972       9.36023066893060252E-002   37.426317844084735     
  -79.000000000000028       9.29388594665952750E-002   37.708182062930874     
  -78.000000000000014       9.23900641663076561E-002   37.990041054508488     
  -77.000000000000000       9.19117363780041496E-002   38.271297913566464     
  -75.999999999999972       9.14545060003726373E-002   38.551293645576216     
  -75.000000000000028       9.09682333525757281E-002   38.829359981122963     
  -74.000000000000014       9.04061640932398713E-002   39.104869068347419     
  -72.999999999999986       8.97284937214794659E-002   39.377276108071946     
  -71.999999999999972       8.89051033364386123E-002   39.646152082836252     
  -71.000000000000028       8.79173276904277601E-002   39.911204918738498     
  -70.000000000000000       8.67587133930496079E-002   40.172288576331567     
  -68.999999999999986       8.54348109933744937E-002   40.429400593255288     
  -67.999999999999972       8.39621140850163317E-002   40.682669431061662     
  -67.000000000000028       8.23663088086784845E-002   40.932333579103535     
  -66.000000000000000       8.06800276923377024E-002   41.178714733718849     
  -64.999999999999986       7.89403138533831400E-002   41.422187515387598     
  -63.999999999999972       7.71859974356246675E-002   41.663148136914771     
  -63.000000000000021       7.54551686227770274E-002   41.901984226132029     
  -62.000000000000000       7.37829037890605360E-002   42.139047674532748     
  -60.999999999999986       7.21993665301798176E-002   42.374631967066314     
  -59.999999999999964       7.07283666185144211E-002   42.608954985727003     
  -59.000000000000014       6.93864203475368507E-002   42.842147806468645     
  -58.000000000000000       6.81823180042523957E-002   43.074249558019005     
  -56.999999999999979       6.71171706861253270E-002   43.305208010461200     
  -55.999999999999964       6.61848811965731892E-002   43.534885232942266     
  -55.000000000000014       6.53729635371210205E-002   43.763067418220324     
  -54.000000000000000       6.46636231108177473E-002   43.989477823498838     
  -52.999999999999979       6.40350050394722231E-002   44.213791720674607     
  -52.000000000000028       6.34625202493272755E-002   44.435652276047044     
  -51.000000000000014       6.29201670017318776E-002   44.654686375427694     
  -49.999999999999993       6.23817778374197093E-002   44.870519557522130     
  -48.999999999999979       6.18221368492421902E-002   45.082789397115171     
  -48.000000000000028       6.12179282379178291E-002   45.291156871319743     
  -47.000000000000007       6.05484928665590838E-002   45.495315430549965     
  -45.999999999999993       5.97963839299887820E-002   45.694997668008931     
  -44.999999999999972       5.89477251375898001E-002   45.889979628303735     
  -44.000000000000028       5.79923845506985364E-002   46.080082912250248     
  -43.000000000000007       5.69239842842809984E-002   46.265174819426768     
  -41.999999999999993       5.57397707861810726E-002   46.445166823866849     
  -40.999999999999972       5.44403726198116750E-002   46.620011704729485     
  -40.000000000000021       5.30294729790790967E-002   46.789699657405869     
  -39.000000000000007       5.15134229785461431E-002   46.954253696347038     
  -37.999999999999986       4.99008195094165843E-002   47.113724633973852     
  -36.999999999999972       4.82020685153291273E-002   47.268185884927675     
  -36.000000000000021       4.64289512513416103E-002   47.417728305587346     
  -35.000000000000000       4.45942077059475889E-002   47.562455238333023     
  -33.999999999999986       4.27111480887078024E-002   47.702477890863882     
  -32.999999999999964       4.07933002506413317E-002   47.837911144593107     
  -32.000000000000021       3.88540981981239930E-002   47.968869853793166     
  -31.000000000000000       3.69066145256700187E-002   48.095465669249428     
  -29.999999999999982       3.49633376422137099E-002   48.217804396861943     
  -28.999999999999964       3.30359930873663221E-002   48.335983882771792     
  -28.000000000000018       3.11354070047251824E-002   48.450092401892661     
  -27.000000000000000       2.92714089228802918E-002   48.560207515774820     
  -25.999999999999982       2.74527703541172022E-002   48.666395358070240     
  -24.999999999999964       2.56871753153718116E-002   48.768710301022310     
  -24.000000000000014       2.39812186688099088E-002   48.867194953926727     
  -22.999999999999996       2.23404281335220292E-002   48.961880443962301     
  -21.999999999999979       2.07693059037743002E-002   49.052786930794120     
  -20.999999999999961       1.92713859930326373E-002   49.139924308548849     
  -20.000000000000011       1.78493036820137445E-002   49.223293051858221     
  -18.999999999999993       1.65048737601050828E-002   49.302885166386268     
  -17.999999999999975       1.52391745943416222E-002   49.378685208377853     
  -17.000000000000028       1.40526354218286943E-002   49.450671342090516     
  -16.000000000000011       1.29451246272142967E-002   49.518816408343163     
  -14.999999999999991       1.19160371249190482E-002   49.583088981696442     
  -13.999999999999973       1.09643793075646593E-002   49.643454397864808     
  -13.000000000000025       1.00888503408890669E-002   49.699875736772626     
  -12.000000000000007       9.28791887586932069E-003   49.752314750137757     
  -10.999999999999989       8.55989450787559072E-003   49.800732725564657     
  -9.9999999999999716       7.90299353805522242E-003   49.845091281823194     
  -9.0000000000000231       7.31539878351407206E-003   49.885353092277519     
  -8.0000000000000053       6.79531334010028722E-003   49.921482535308932     
  -6.9999999999999867       6.34100832621546564E-003   49.953446272067282     
  -5.9999999999999689       5.95086472958604971E-003   49.981213753003956     
  -5.0000000000000204       5.62340954398986466E-003   50.004757655416263     
  -4.0000000000000027       5.35734642192463740E-003   50.024054254702264     
  -2.9999999999999845       5.15158108532087419E-003   50.039083732215026     
  -1.9999999999999665       5.00524173248298801E-003   50.049830422561683     
  -1.0000000000000180       4.91769465884563540E-003   50.056283002945584     
   0.0000000000000000       4.88855527477959333E-003   50.058434626739874     
   1.0000000000000180       4.91769465884645159E-003   50.056283002945584     
   2.0000000000000360       5.00524173248599602E-003   50.049830422561691     
   2.9999999999999845       5.15158108532605494E-003   50.039083732215047     
   4.0000000000000027       5.35734642193042791E-003   50.024054254702300     
   5.0000000000000204       5.62340954399641064E-003   50.004757655416263     
   6.0000000000000382       5.95086472959505033E-003   49.981213753003964     
   6.9999999999999867       6.34100832622684803E-003   49.953446272067339     
   8.0000000000000053       6.79531334011226548E-003   49.921482535308947     
   9.0000000000000231       7.31539878352655253E-003   49.885353092277526     
   10.000000000000041       7.90299353807030931E-003   49.845091281823215     
   10.999999999999989       8.55989450789266908E-003   49.800732725564700     
   12.000000000000007       9.28791887588628455E-003   49.752314750137820     
   13.000000000000025       1.00888503409056543E-002   49.699875736772668     
   13.999999999999973       1.09643793075866487E-002   49.643454397864886     
   14.999999999999991       1.19160371249404182E-002   49.583088981696505     
   16.000000000000011       1.29451246272352556E-002   49.518816408343248     
   17.000000000000028       1.40526354218489177E-002   49.450671342090537     
   17.999999999999975       1.52391745943691453E-002   49.378685208377952     
   18.999999999999993       1.65048737601319606E-002   49.302885166386318     
   20.000000000000011       1.78493036820394115E-002   49.223293051858256     
   21.000000000000028       1.92713859930620304E-002   49.139924308548935     
   21.999999999999979       2.07693059038074092E-002   49.052786930794227     
   22.999999999999996       2.23404281335528379E-002   48.961880443962364     
   24.000000000000014       2.39812186688379107E-002   48.867194953926770     
   25.000000000000032       2.56871753154040323E-002   48.768710301022388     
   25.999999999999982       2.74527703541530832E-002   48.666395358070346     
   27.000000000000000       2.92714089229123980E-002   48.560207515774884     
   28.000000000000018       3.11354070047530004E-002   48.450092401892682     
   29.000000000000036       3.30359930873984700E-002   48.335983882771849     
   29.999999999999982       3.49633376422498199E-002   48.217804396862064     
   31.000000000000000       3.69066145257006123E-002   48.095465669249478     
   32.000000000000021       3.88540981981483000E-002   47.968869853793187     
   33.000000000000036       4.07933002506701281E-002   47.837911144593157     
   33.999999999999986       4.27111480887403180E-002   47.702477890864003     
   35.000000000000000       4.45942077059727979E-002   47.562455238333058     
   36.000000000000021       4.64289512513585828E-002   47.417728305587303     
   37.000000000000043       4.82020685153506795E-002   47.268185884927682     
   37.999999999999986       4.99008195094429036E-002   47.113724633973952     
   39.000000000000007       5.15134229785631920E-002   46.954253696347038     
   40.000000000000021       5.30294729790857511E-002   46.789699657405777     
   41.000000000000043       5.44403726198231380E-002   46.620011704729478     
   41.999999999999993       5.57397707861971708E-002   46.445166823866927     
   43.000000000000007       5.69239842842861193E-002   46.265174819426733     
   44.000000000000028       5.79923845506933044E-002   46.080082912250113     
   44.999999999999972       5.89477251376057387E-002   45.889979628303877     
   45.999999999999993       5.97963839299939931E-002   45.694997668008966     
   47.000000000000007       6.05484928665531927E-002   45.495315430549894     
   48.000000000000028       6.12179282379003431E-002   45.291156871319579     
   48.999999999999979       6.18221368492476581E-002   45.082789397115270     
   49.999999999999993       6.23817778374146925E-002   44.870519557522144     
   51.000000000000014       6.29201670017157100E-002   44.654686375427573     
   52.000000000000028       6.34625202493010604E-002   44.435652276046810     
   52.999999999999979       6.40350050394719317E-002   44.213791720674713     
   54.000000000000000       6.46636231108078802E-002   43.989477823498831     
   55.000000000000014       6.53729635371032985E-002   43.763067418220196     
   56.000000000000036       6.61848811965660005E-002   43.534885232942230     
   56.999999999999979       6.71171706861298650E-002   43.305208010461286     
   58.000000000000000       6.81823180042505639E-002   43.074249558019005     
   59.000000000000014       6.93864203475287322E-002   42.842147806468532     
   60.000000000000036       7.07283666185205134E-002   42.608954985726996     
   60.999999999999986       7.21993665301994408E-002   42.374631967066456     
   62.000000000000000       7.37829037890737893E-002   42.139047674532769     
   63.000000000000021       7.54551686227825091E-002   41.901984226131930     
   64.000000000000043       7.71859974356426254E-002   41.663148136914778     
   64.999999999999986       7.89403138534126303E-002   41.422187515387769     
   66.000000000000000       8.06800276923562293E-002   41.178714733718870     
   67.000000000000028       8.23663088086845768E-002   40.932333579103421     
   68.000000000000043       8.39621140850331099E-002   40.682669431061676     
   68.999999999999986       8.54348109934006256E-002   40.429400593255451     
   70.000000000000000       8.67587133930605853E-002   40.172288576331574     
   71.000000000000028       8.79173276904242351E-002   39.911204918738349     
   72.000000000000043       8.89051033364443577E-002   39.646152082836210     
   72.999999999999986       8.97284937214945233E-002   39.377276108072067     
   74.000000000000014       9.04061640932392607E-002   39.104869068347369     
   75.000000000000028       9.09682333525605180E-002   38.829359981122764     
   76.000000000000043       9.14545060003688071E-002   38.551293645576152     
   77.000000000000000       9.19117363780121988E-002   38.271297913566563     
   78.000000000000014       9.23900641663028543E-002   37.990041054508424     
   79.000000000000028       9.29388594665777751E-002   37.708182062930639     
   79.999999999999972       9.36023066893275635E-002   37.426317844084984     
   81.000000000000000       9.44151263630493010E-002   37.144932048361120     
   82.000000000000014       9.53988703386003944E-002   36.864350759930154     
   83.000000000000028       9.65592183106891017E-002   36.584710154754823     
   83.999999999999986       9.78846459611972669E-002   36.305940554397445     
   85.000000000000000       9.93467271654854267E-002   36.027770012728269     
   86.000000000000014       0.10090218127668445        35.749748762585305     
   87.000000000000028       0.10249659484058224        35.471293677953938     
   87.999999999999986       0.10406955385773883        35.191749597403209     
   89.000000000000000       0.10556073972754718        34.910462167251907     
   90.000000000000014       0.10691639173831514        34.626855066681408     
   91.000000000000043       0.10809544199333294        34.340503317830475     
   91.999999999999986       0.10907460158157480        34.051194060183334     
   93.000000000000000       0.10985173048015415        33.758966810193520     
   94.000000000000014       0.11044696179066024        33.464126878022803     
   95.000000000000043       0.11090126852055927        33.167228214435134     
   95.999999999999986       0.11127244333432809        32.869025334291685     
   97.000000000000000       0.11162878277903074        32.570397801086294     
   98.000000000000028       0.11204109119978070        32.272254626404880     
   99.000000000000043       0.11257390161220247        31.975429309674041     
   99.999999999999986       0.11327700405643769        31.680578553661054     
   101.00000000000001       0.11417843418415408        31.388098435032369     
   102.00000000000003       0.11527997780311426        31.098070649501896     
   103.00000000000004       0.11655598486452694        30.810248316475374     
   103.99999999999999       0.11795588018998550        30.524085972782977     
   105.00000000000001       0.11941025626719083        30.238812384879754     
   106.00000000000003       0.12083990473485672        29.953538489018744     
   107.00000000000004       0.12216666699466183        29.667387076879308     
   108.00000000000000       0.12332463752202336        29.379626697875796     
   109.00000000000001       0.12427009813272979        29.089790392799873     
   110.00000000000003       0.12498863600544463        28.797760764463256     
   110.99999999999999       0.12549821101142866        28.503806629424314     
   112.00000000000000       0.12584746431973859        28.208562787337868     
   113.00000000000001       0.12610924252605976        27.912952600020439     
   114.00000000000003       0.12637006125702563        27.618062033829151     
   114.99999999999999       0.12671693729355718        27.324982247204389     
   116.00000000000000       0.12722355635053179        27.034644237299592     
   117.00000000000001       0.12793800201079875        26.747672147950375     
   118.00000000000003       0.12887417119175293        26.464280644512534     
   118.99999999999999       0.13000852124721704        26.184236020228703     
   120.00000000000000       0.13128298301150687        25.906891007055712     
   121.00000000000001       0.13261385279450055        25.631291055918762     
   122.00000000000004       0.13390541665927569        25.356337184598846     
   122.99999999999999       0.13506615458379023        25.080979664863776     
   124.00000000000000       0.13602479543583346        24.804409927201007     
   125.00000000000003       0.13674337036204695        24.526216587251596     
   125.99999999999997       0.13722479244241562        24.246476043275944     
   127.00000000000006       0.13751334001529789        23.965758248994856     
   128.00000000000000       0.13768762242870833        23.685042626349659     
   128.99999999999994       0.13784697107830327        23.405555388409098     
   130.00000000000003       0.13809348730953308        23.128554947220035     
   131.00000000000000       0.13851293961637517        22.855103566926015     
   132.00000000000009       0.13915811553635510        22.585868358911313     
   133.00000000000003       0.14003796347347461        22.320991486389708     
   133.99999999999997       0.14111490047554975        22.060057980178286     
   135.00000000000006       0.14231115736275757        21.802171582017962     
   136.00000000000000       0.14352325909694555        21.546127832372477     
   136.99999999999997       0.14464205178431536        21.290653460227386     
   138.00000000000006       0.14557444592099769        21.034666288798672     
   139.00000000000000       0.14626252839668744        20.777503689921225     
   140.00000000000009       0.14669604470902242        20.519071790776284     
   141.00000000000003       0.14691543991249437        20.259881826075702     
   141.99999999999997       0.14700447590683835        20.000961892509601     
   143.00000000000006       0.14707357777764807        19.743657884053761     
   144.00000000000003       0.14723707896911073        19.489361497571235     
   144.99999999999997       0.14758899559940497        19.239220656521450     
   146.00000000000006       0.14818250207305883        18.993894177576539     
   147.00000000000000       0.14901771110444861        18.753405703109571     
   147.99999999999994       0.15004072940050694        18.517132416291616     
   149.00000000000003       0.15115457126686835        18.283935499129303     
   149.99999999999997       0.15223987672505374        18.052407788475684     
   151.00000000000009       0.15318109770090896        17.821186795030837     
   152.00000000000003       0.15389242768726516        17.589264657017754     
   152.99999999999997       0.15433760964806376        17.356224918991710     
   154.00000000000006       0.15453894328574566        17.122350207080640     
   155.00000000000000       0.15457311196837520        16.888572354817317     
   155.99999999999994       0.15455439251144007        16.656271711331886     
   157.00000000000003       0.15460875971127430        16.426967610714186     
   158.00000000000000       0.15484466861114327        16.201969128618128     
   159.00000000000009       0.15532731095234106        15.982067366750222     
   160.00000000000003       0.15606257280545899        15.767343699110315     
   160.99999999999997       0.15699481068076962        15.557143195971925     
   162.00000000000006       0.15801935286580140        15.350224064695393     
   163.00000000000000       0.15900707291260127        15.145051394451338     
   163.99999999999997       0.15983535183738815        14.940167268728597     
   165.00000000000006       0.16041801956916396        14.734548677445694     
   166.00000000000000       0.16072691181922152        14.527865205784163     
   167.00000000000009       0.16079953707644618        14.320570692480636     
   168.00000000000003       0.16073062326643892        14.113802195598263     
   168.99999999999997       0.16064925520193377        13.909106719165068     
   170.00000000000006       0.16068697799406928        13.708059951884346     
   171.00000000000003       0.16094469675604473        13.511870616791876     
   171.99999999999997       0.16146675974993399        13.321070686816967     
   173.00000000000006       0.16222902586852062        13.135372760237400     
   174.00000000000000       0.16314429938368111        12.953735033948735     
   174.99999999999994       0.16408409376848782        12.774621465076248     
   176.00000000000003       0.16491140506043475        12.596393534833323     
   176.99999999999997       0.16551617806787583        12.417734202036453     
   178.00000000000006       0.16584426096272764        12.237994021710451     
   179.00000000000003       0.16591214618248987        12.057367362538146     
   179.99999999999997       0.16580335228447854        11.876849171637545     
   181.00000000000006       0.16564704275865610        11.697979410497043     
   182.00000000000000       0.16558420356164233        11.522438774790455     
   182.99999999999994       0.16573016250927053        11.351600686132498     
   184.00000000000003       0.16614344839050424        11.186159064159652     
   185.00000000000000       0.16680952526581833        11.025933906932517     
   186.00000000000009       0.16764408877480499        10.869910703566411     
   187.00000000000003       0.16851536094116626        10.716506943735361     
   187.99999999999997       0.16927959557658259        10.563996539462776     
   189.00000000000006       0.16982027033345018        10.410978315902225     
   190.00000000000000       0.17008026185999525        10.256760627348712     
   190.99999999999997       0.17007804605469756        10.101555019629249     
   192.00000000000006       0.16990320859873387        9.9464225802767618     
   193.00000000000000       0.16969218414157844        9.7929839536614054     
   194.00000000000009       0.16959065771699286        9.6429699237187947     
   195.00000000000003       0.16971292941771601        9.4977356962750594     
   195.99999999999997       0.17010961942012648        9.3578748758413379     
   197.00000000000006       0.17075296527566916        9.2230437289860099     
   198.00000000000000       0.17154413670811572        9.0920486314234772     
   198.99999999999997       0.17234078495460159        8.9631753869471407     
   200.00000000000006       0.17299722916086818        8.8346696028788188     
   201.00000000000000       0.17340595859076682        8.7052327949890120     
   202.00000000000009       0.17352860057105160        8.5743925731052535     
   203.00000000000003       0.17340735965258580        8.4426393919891591     
   203.99999999999997       0.17315340464036383        8.3112877509727685     
   205.00000000000006       0.17291525666095717        8.1820983375249785     
   206.00000000000003       0.17283606199368523        8.0567673050030564     
   206.99999999999997       0.17301201861199858        7.9364293399611077     
   208.00000000000006       0.17346410272867516        7.8213197085802761     
   209.00000000000000       0.17413153827696881        7.7106962043361085     
   209.99999999999994       0.17488917245141747        7.6030468541713736     
   211.00000000000003       0.17558388992510188        7.4965252020143742     
   212.00000000000000       0.17607951596826596        7.3894870644130695     
   213.00000000000009       0.17629703972279051        7.2809713471484754     
   214.00000000000003       0.17623823685521500        7.1709824288145141     
   214.99999999999997       0.17598554900608146        7.0604887327565207     
   216.00000000000006       0.17567802197001975        6.9511351192115045     
   217.00000000000000       0.17547021184639100        6.8447516859815014     
   217.99999999999994       0.17548614562272258        6.7428034515612927     
   219.00000000000006       0.17578207911377719        6.6459451952764264     
   220.00000000000000       0.17632933754845123        6.5538163522906023     
   221.00000000000009       0.17702259788351268        6.4651400232321201     
   222.00000000000003       0.17771132412569707        6.3780987411324821     
   222.99999999999997       0.17824502577111584        6.2908754723267686     
   224.00000000000006       0.17851874373638971        6.2021973376607749     
   225.00000000000000       0.17850499636363590        6.1117174864880885     
   225.99999999999997       0.17826241061450335        6.0201182799610411     
   227.00000000000006       0.17791824377617887        5.9289023771336344     
   228.00000000000000       0.17762990288146688        5.8399327716826823     
   229.00000000000009       0.17753702675792155        5.7548600188140089     
   230.00000000000003       0.17771871980789675        5.6746110415145639     
   230.99999999999997       0.17816911173308689        5.5990969929405754     
   232.00000000000006       0.17879890418460978        5.5272317501886397     
   233.00000000000003       0.17946260077883849        5.4572574115419705     
   233.99999999999997       0.18000316752451859        5.3872781469601980     
   235.00000000000006       0.18030042854963210        5.3158386990610360     
   236.00000000000000       0.18030827331929886        5.2423691443729554     
   236.99999999999994       0.18006912392412650        5.1673578357867012     
   238.00000000000003       0.17970106054109616        5.0921975173149354     
   239.00000000000000       0.17936142463729632        5.0187502673694793     
   240.00000000000009       0.17919804822778815        4.9487645302413510     
   241.00000000000003       0.17930321537124319        4.8833248057590151     
   241.99999999999997       0.17968475193693670        4.8225060787484324     
   243.00000000000006       0.18026339504482125        4.7653423790876950     
   244.00000000000000       0.18089740367822701        4.7101209661985743     
   244.99999999999994       0.18142681179780160        4.6549113086803668     
   246.00000000000003       0.18172351817070453        4.5981638334553381     
   247.00000000000000       0.18173152408277135        4.5391909096337395     
   248.00000000000009       0.18148466146361808        4.4783787670229138     
   249.00000000000003       0.18109615400217827        4.4170627233045643     
   249.99999999999997       0.18072316033351321        4.3571033614588366     
   251.00000000000006       0.18051733850829782        4.3002956129821088     
   252.00000000000000       0.18057696674416665        4.2477964426412687     
   252.99999999999997       0.18091578378714773        4.1997523881274779     
   254.00000000000006       0.18145850964596799        4.1552460199879153     
   255.00000000000000       0.18206457487473340        4.1125795893691279     
   256.00000000000006       0.18257261101838251        4.0698068426655247     
   257.00000000000006       0.18285162615214473        4.0253447466682113     
   258.00000000000000       0.18284263366329603        3.9784710985239746     
   259.00000000000006       0.18257749574136595        3.9295497747666452     
   260.00000000000000       0.18216893039274845        3.8799112866723910     
   260.99999999999994       0.18177475767197537        3.8314254062802413     
   262.00000000000006       0.18154766973367020        3.7859007518973891     
   263.00000000000000       0.18158649708141117        3.7445022569633344     
   264.00000000000011       0.18190456671073410        3.7073729439014604     
   265.00000000000006       0.18242535321229969        3.6735819407623316     
   266.00000000000000       0.18300689744754947        3.6414163679194664     
   267.00000000000006       0.18348722215702337        3.6089242099191070     
   268.00000000000000       0.18373621470849807        3.5745344925335867     
   268.99999999999994       0.18369735756567548        3.5375561065824548     
   270.00000000000006       0.18340592049823390        3.4983952703181256     
   271.00000000000000       0.18297773698479669        3.4584213731727078     
   271.99999999999994       0.18257208827107602        3.4195233175922937     
   273.00000000000006       0.18234053944000736        3.3834979387373343     
   274.00000000000000       0.18237815123635495        3.3514668212932066     
   275.00000000000006       0.18269281117706593        3.3235097021435402     
   276.00000000000000       0.18320263965123879        3.2986334637973607     
   277.00000000000000       0.18376236696638612        3.2750874289200547     
   278.00000000000006       0.18421019440742473        3.2509235089085697     
   279.00000000000000       0.18442001777698927        3.2246204532551399     
   279.99999999999994       0.18434215825653408        3.1955707233389283     
   281.00000000000006       0.18401944852773111        3.1642727785600506     
   282.00000000000000       0.18357345048049678        3.1321663336437697     
   283.00000000000006       0.18316519840403592        3.1011631085029441     
   284.00000000000006       0.18294310368030312        3.0730241135177128     
   285.00000000000000       0.18299486774750881        3.0487848460879290     
   286.00000000000006       0.18331902172132458        3.0284150913375951     
   287.00000000000000       0.18382538118580410        3.0108243566589379     
   287.99999999999994       0.18436430663430692        2.9942116315767451     
   289.00000000000006       0.18477527652995207        2.9766459995715988     
   290.00000000000000       0.18493899807153819        2.9566895384306999     
   291.00000000000011       0.18481614245484329        2.9338603388480839     
   292.00000000000006       0.18446013532920269        2.9087853951414928     
   293.00000000000000       0.18399983195838684        2.8829935160298481     
   294.00000000000006       0.18359765914115744        2.8584149794170877     
   295.00000000000000       0.18339678611732252        2.8367500453860366     
   295.99999999999994       0.18347450598109719        2.8189117047408061     
   297.00000000000006       0.18381704455873016        2.8047245575429312     
   298.00000000000000       0.18432405153993067        2.7929784948428487     
   299.00000000000011       0.18484132891373678        2.7818199121537592     
   300.00000000000006       0.18521111515331293        2.7693527743611313     
   301.00000000000000       0.18532351840468345        2.7542534160681056     
   302.00000000000006       0.18515233782423957        2.7361987282215541     
   303.00000000000000       0.18476360815124154        2.7159682953577988     
   304.00000000000000       0.18429407204640852        2.6951870676030762     
   305.00000000000006       0.18390656524609958        2.6757920619461557     
   306.00000000000000       0.18373684147177008        2.6593967386324384     
   306.99999999999994       0.18384920604595678        2.6467606704761559     
   308.00000000000006       0.18421549432692927        2.6375382611574190     
   309.00000000000000       0.18472430342695553        2.6303890925637221     
   310.00000000000006       0.18521746007700080        2.6234138367208542     
   311.00000000000006       0.18554177348116280        2.6147728759198690     
   312.00000000000000       0.18559913220004373        2.6032851292980443     
   313.00000000000006       0.18537857362959453        2.5888113915917117     
   314.00000000000000       0.18495985737962406        2.5722970472509021     
   314.99999999999994       0.18448736878406147        2.5554601288962844     
   316.00000000000006       0.18412285973159259        2.5402264093986076     
   317.00000000000000       0.18399247133217864        2.5280961416201464     
   318.00000000000006       0.18414539915127848        2.5196499654071660     
   319.00000000000006       0.18453778132709403        2.5143563129123305     
   320.00000000000000       0.18504711456493123        2.5107437253911358     
   321.00000000000006       0.18551245934790805        2.5068814389410239     
   322.00000000000000       0.18578722211019971        2.5010103083511446     
   322.99999999999994       0.18578719875922475        2.4921170888956050     
   324.00000000000006       0.18551814954726120        2.4802640490630603     
   325.00000000000000       0.18507388949408110        2.4665661444581599     
   326.00000000000011       0.18460551671822259        2.4528231916691063     
   327.00000000000006       0.18427184182102577        2.4409273303692820     
   328.00000000000000       0.18418726239614505        2.4322399451611232     
   329.00000000000006       0.18438420585479939        2.4271427273657018     
   330.00000000000000       0.18480250438915397        2.4249106666441316     
   330.99999999999994       0.18530920337646667        2.4239488253583383     
   332.00000000000006       0.18574227338307764        2.4223148424274199     
   333.00000000000000       0.18596383596878732        2.4183551601287570     
   333.99999999999994       0.18590541807556038        2.4112459662993264     
   335.00000000000006       0.18559040058811480        2.4012615302010381     
   336.00000000000000       0.18512631471130944        2.3896821177943375     
   337.00000000000006       0.18466951108903029        2.3783716673708399     
   338.00000000000000       0.18437378128362486        2.3691636408755721     
   339.00000000000000       0.18433980233990138        2.3632567130837989     
   340.00000000000006       0.18458204199909684        2.3608191740113051     
   341.00000000000000       0.18502403448259555        2.3609324553949005     
   341.99999999999994       0.18552358114186832        2.3618923608132514     
   343.00000000000006       0.18591955582876984        2.3617685459481264     
   344.00000000000000       0.18608489103210088        2.3590378807252388     
   345.00000000000006       0.18596832453607184        2.3530834623719090     
   346.00000000000006       0.18561121269542685        2.3443955905586757     
   347.00000000000000       0.18513390659264606        2.3344089159382935     
   348.00000000000006       0.18469616265049965        2.3250292121166964     
   349.00000000000000       0.18444458345295928        2.3180051140355324     
   349.99999999999994       0.18446437361202286        2.3143514350388923     
   351.00000000000006       0.18475130903461137        2.3140141019568361     
   352.00000000000000       0.18521316839625376        2.3158872631204006     
   353.00000000000011       0.18570014595830975        2.3181768218006971     
   354.00000000000006       0.18605419684713764        2.3189902772742950     
   355.00000000000000       0.18616104548722284        2.3169584003535628     
   356.00000000000006       0.18598775201877035        2.3116842785872302     
   357.00000000000000       0.18559351005655408        2.3038723856976242     
   357.99999999999994       0.18511014326771250        2.2950954492508431     
   359.00000000000006       0.18469870719022694        2.2872756946302037     
   360.00000000000000       0.18449645888915328        2.2820509514206071     
   361.00000000000011       0.18457165472222178        2.2802343315518327     
   362.00000000000006       0.18490108706921765        2.2815457145920610     
   363.00000000000000       0.18537777528964661        2.2847036780654104     
   364.00000000000006       0.18584625871655194        2.2878473658590703     
   365.00000000000000       0.18615382655126086        2.2891488571650931     
   366.00000000000000       0.18620079135339412        2.2874141038547946     
   367.00000000000006       0.18597327017563120        2.2824747755493924     
   368.00000000000000       0.18554771618312138        2.2752424275873038     
   368.99999999999994       0.18506572389726303        2.2674073380340043     
   370.00000000000006       0.18468738845488880        2.2608809921298030     
   371.00000000000000       0.18453856085953355        2.2571656025739903     
   372.00000000000006       0.18466938147117234        2.2568584423660454     
   373.00000000000006       0.18503778040403476        2.2594546163662756     
   374.00000000000000       0.18552339144614377        2.2635133773955913     
   375.00000000000006       0.18596726770233771        2.2671328606359733     
   376.00000000000000       0.18622427179206094        2.2685763224724642     
   376.99999999999994       0.18621086621711488        2.2668433964378552     
   378.00000000000006       0.18593258637245313        2.2619984884295912     
   379.00000000000000       0.18548218200253982        2.2551485607087538     
   380.00000000000011       0.18500904784361016        2.2480777242902201     
   381.00000000000006       0.18466999447472959        2.2426587832118567     
   382.00000000000000       0.18457756452430996        2.2402354369314250     
   383.00000000000006       0.18476293948064318        2.2411788893385891     
   384.00000000000000       0.18516568865034655        2.2447653120365620     
   384.99999999999994       0.18565374140732532        2.2494145783237198     
   386.00000000000006       0.18606696645139398        2.2532111812421842     
   387.00000000000000       0.18626995651147332        2.2545351884300384     
   388.00000000000011       0.18619661839470389        2.2525952436884085     
   389.00000000000006       0.18587190668916251        2.2476883582125597     
   390.00000000000000       0.18540357210322300        2.2411012752995676     
   391.00000000000006       0.18494664451640669        2.2346859223339690     
   392.00000000000000       0.18465233277844478        2.2302485897231565     
   393.00000000000000       0.18461817270261682        2.2289540294701502     
   394.00000000000006       0.18485587445849913        2.2309411210667935     
   395.00000000000000       0.18528749301745698        2.2352770935600219     
   395.99999999999994       0.18577117867625315        2.2402653298070216     
   397.00000000000006       0.18614798083985443        2.2440048288444947     
   398.00000000000000       0.18629424280934900        2.2450165002352733     
   399.00000000000006       0.18616232208539779        2.2427299093003130     
   400.00000000000006       0.18579625080170548        2.2376704723633414     
   401.00000000000000       0.18531720207883501        2.2312857305411211     
   402.00000000000006       0.18488354585691158        2.2254678815367734     
   403.00000000000000       0.18463863700428704        2.2219296701836084     
   403.99999999999994       0.18466354278349709        2.2216393205761080     
   405.00000000000006       0.18495031772267012        2.2245010789079167     
   406.00000000000000       0.18540465818893020        2.2293869430871540     
   407.00000000000011       0.18587704828783477        2.2345089603077657     
   408.00000000000006       0.18621208803371173        2.2380088647021892     
   409.00000000000000       0.18629971417343599        2.2385703390996960     
   410.00000000000006       0.18611144192041232        2.2358522263720473     
   411.00000000000000       0.18570971819363821        2.2306003324545185     
   411.99999999999994       0.18522732345451284        2.2244012086772713     
   413.00000000000006       0.18482359850205202        2.2191589136365515     
   414.00000000000000       0.18463190398047283        2.2164669759115379     
   415.00000000000011       0.18471563677354413        2.2170826401508075     
   416.00000000000006       0.18504733186085598        2.2206770623019825     
   417.00000000000000       0.18551775660527881        2.2259440158648056     
   418.00000000000006       0.18597197849792216        2.2310310224595096     
   419.00000000000000       0.18626047345024604        2.2341502682254379     
   420.00000000000000       0.18628840492066445        2.2341676559331924     
   421.00000000000006       0.18604684872025654        2.2309760471850435     
   422.00000000000000       0.18561570604024824        2.2255300831677056     
   423.00000000000011       0.18513735645287607        2.2195312489559420     
   424.00000000000006       0.18476971729188710        2.2148667740804124     
   425.00000000000000       0.18463416542042638        2.2129871208834793     
   426.00000000000006       0.18477550139090970        2.2144274198915044     
   427.00000000000000       0.18514718560453999        2.2186309909218447     
   428.00000000000000       0.18562672514979311        2.2241332668566556     
   429.00000000000006       0.18605611103912795        2.2290451546767045     
   430.00000000000000       0.18629393346334844        2.2316759886869479     
   430.99999999999994       0.18626198138255398        2.2310905532644956     
   432.00000000000006       0.18597099014398924        2.2274168542069708     
   433.00000000000000       0.18551708163870650        2.2218035667924938     
   434.00000000000006       0.18505007400182458        2.2160412295535519     
   435.00000000000006       0.18472408522234904        2.2119717900868032     
   436.00000000000000       0.18464670164045846        2.2108809961053266     
   437.00000000000006       0.18484348776824669        2.2130741669659337     
   438.00000000000000       0.18524956880418358        2.2177755753774657     
   438.99999999999994       0.18573106523193833        2.2233846625943743     
   440.00000000000006       0.18612927987305791        2.2280042226562675     
   441.00000000000000       0.18631303197494409        2.2300659715893363     
   442.00000000000011       0.18622188108077936        2.2288472189701061     
   443.00000000000006       0.18588602119453446        2.2247086707390080     
   444.00000000000000       0.18541631409191178        2.2189752937610345     
   445.00000000000006       0.18496774252659534        2.2134994580400749     
   446.00000000000000       0.18468830700690106        2.2100500801035512     
   446.99999999999994       0.18467020630480865        2.2097290644646019     
   448.00000000000006       0.18491942121955587        2.2126077260586015     
   449.00000000000000       0.18535375855472622        2.2177034084665208     
   450.00000000000011       0.18582999690664861        2.2233039673436141     
   451.00000000000006       0.18619114784596519        2.2275327010798889     
   452.00000000000000       0.18631821866497922        2.2289670906761336     
   453.00000000000006       0.18616941629802120        2.2271074193672642     
   454.00000000000000       0.18579390022794573        2.2225411666131598     
   455.00000000000000       0.18531557100914875        2.2167492262757009     
   456.00000000000006       0.18489222619217652        2.2116176817447482     
   457.00000000000000       0.18466352425067126        2.2088157986192147     
   458.00000000000011       0.18470491150182053        2.2092452951428436     
   459.00000000000006       0.18500273119240787        2.2127428110611600     
   460.00000000000000       0.18545874667188503        2.2181339743206756     
   461.00000000000006       0.18592257656509820        2.2236211107066381     
   462.00000000000006       0.18624130962065855        2.2273763089277310     
   463.00000000000000       0.18630991603134464        2.2281440064529936     
   464.00000000000006       0.18610584820553869        2.2256545859492709     
   465.00000000000000       0.18569645627695275        2.2207130159036823     
   465.99999999999994       0.18521678634298439        2.2149334645771344     
   467.00000000000006       0.18482506152357744        2.2102071480153249     
   468.00000000000000       0.18465050015515452        2.2080785807390000     
   469.00000000000011       0.18475068187442695        2.2092359558883610     
   470.00000000000006       0.18509255046638731        2.2132840645969400     
   471.00000000000000       0.18556333733947078        2.2188748681042743     
   472.00000000000006       0.18600778628567263        2.2241524593123527     
   473.00000000000000       0.18627936800166892        2.2273652494784235     
   473.99999999999994       0.18628858143488886        2.2274433327661463     
   475.00000000000006       0.18603243720697152        2.2243509130445780     
   476.00000000000000       0.18559543327276579        2.2190979664489912     
   477.00000000000011       0.18512170532373123        2.2134073445353706     
   478.00000000000006       0.18476750900780620        2.2091467759875303     
   479.00000000000000       0.18464968099601303        2.2077128018318848     
   480.00000000000006       0.18480708543235930        2.2095699298392191     
   481.00000000000000       0.18518779121121492        2.2140973593395570     
   482.00000000000000       0.18566622212207029        2.2197939832384370     
   483.00000000000006       0.18608460135794722        2.2247737899605458     
   484.00000000000000       0.18630498944294996        2.2273878927077644     
   485.00000000000011       0.18625474941082817        2.2267679922237633     
   486.00000000000006       0.18595047457551520        2.2231123947000242     
   487.00000000000000       0.18549251642244813        2.2176206016255282     
   488.00000000000006       0.18503191216145856        2.2120979821435425     
   489.00000000000006       0.18472058776697892        2.2083605308278127     
   490.00000000000000       0.18466124065463851        2.2076357959797575     
   491.00000000000006       0.18487344713943385        2.2101577489339919     
   492.00000000000000       0.18528720343839214        2.2150895770381287     
   492.99999999999994       0.18576603715800652        2.2207999440033368     
   494.00000000000006       0.18615204027512350        2.2254012863272221     
   495.00000000000000       0.18631794312318614        2.2273722736152681     
   496.00000000000011       0.18620905958346878        2.2260591955680025     
   497.00000000000006       0.18586130239274792        2.2218913058859902     
   498.00000000000000       0.18538934930426848        2.2162393678378312     
   499.00000000000006       0.18494884868784370        2.2109638832469392     
   500.00000000000000       0.18468509607139896        2.2078016034347132     
