  -500.00000000000000       0.18877864527467650     
  -499.00000000000000       0.18908031431528027     
  -498.00000000000006       0.18957976883845526     
  -497.00000000000006       0.19010501024620402     
  -496.00000000000000       0.19047515541386004     
  -495.00000000000000       0.19056272704367827     
  -494.00000000000006       0.19033755383367887     
  -493.00000000000006       0.18987716286997072     
  -492.00000000000000       0.18934008490272564     
  -491.00000000000000       0.18891126417831089     
  -490.00000000000006       0.18873837066094099     
  -489.00000000000006       0.18888094585149456     
  -488.00000000000000       0.18928989484393316     
  -487.00000000000000       0.18982438801323687     
  -486.00000000000006       0.19030035376235796     
  -485.00000000000000       0.19055386485470960     
  -484.00000000000000       0.19049759127055990     
  -483.00000000000000       0.19015087891290833     
  -482.00000000000006       0.18963309451571431     
  -481.00000000000000       0.18912252609619856     
  -480.00000000000000       0.18879498976525533     
  -479.00000000000000       0.18876328307296672     
  -478.00000000000006       0.18903833516490809     
  -477.00000000000000       0.18952543413072451     
  -476.00000000000000       0.19005683376691132     
  -475.00000000000000       0.19044951433920759     
  -474.00000000000006       0.19056820875193070     
  -473.00000000000000       0.19037199038477282     
  -472.00000000000000       0.18992837746542598     
  -471.00000000000006       0.18939009336551188     
  -470.00000000000006       0.18894248173524072     
  -469.00000000000000       0.18873968181018563     
  -468.00000000000000       0.18885154197904833     
  -467.00000000000000       0.18923955444937346     
  -466.00000000000006       0.18977010217205761     
  -465.00000000000000       0.19026046105270525     
  -464.00000000000000       0.19054171993005675     
  -463.00000000000006       0.19051695264112156     
  -462.00000000000006       0.19019460847246983     
  -461.00000000000000       0.18968561846675583     
  -460.00000000000000       0.18916520858103616     
  -459.00000000000006       0.18881256484215342     
  -458.00000000000006       0.18874912489173840     
  -457.00000000000000       0.18899674670694724     
  -456.00000000000000       0.18947016361692268     
  -455.00000000000006       0.19000632985497654     
  -454.00000000000000       0.19042055716253165     
  -453.00000000000000       0.19057011499292484     
  -452.00000000000000       0.19040339307177795     
  -451.00000000000006       0.18997769299051850     
  -450.00000000000000       0.18943951572309059     
  -449.00000000000000       0.18897412630383620     
  -448.00000000000000       0.18874175848043956     
  -447.00000000000006       0.18882242653834824     
  -446.00000000000000       0.18918835187634717     
  -445.00000000000000       0.18971350597448344     
  -444.00000000000006       0.19021699134291234     
  -443.00000000000006       0.19052532826690208     
  -442.00000000000000       0.19053220112548680     
  -441.00000000000000       0.19023508812209164     
  -440.00000000000000       0.18973615443778233     
  -439.00000000000006       0.18920709281068135     
  -438.00000000000000       0.18883001121201778     
  -437.00000000000000       0.18873471905530811     
  -436.00000000000006       0.18895400858420228     
  -435.00000000000006       0.18941233625372464     
  -434.00000000000000       0.18995181053113494     
  -433.00000000000000       0.19038654600612578     
  -432.00000000000000       0.19056667266011104     
  -431.00000000000006       0.19042995923457093     
  -430.00000000000000       0.19002326923510585     
  -429.00000000000000       0.18948645230015831     
  -428.00000000000006       0.18900420805048648     
  -427.00000000000000       0.18874249058916903     
  -426.00000000000000       0.18879135026859761     
  -425.00000000000000       0.18913389867683925     
  -424.00000000000006       0.18965209223173979     
  -423.00000000000000       0.19016735347383790     
  -422.00000000000000       0.19050205138701273     
  -421.00000000000000       0.19054067466260444     
  -420.00000000000006       0.19026963124580593     
  -419.00000000000000       0.18978196163351596     
  -418.00000000000000       0.18924533186582257     
  -417.00000000000006       0.18884431698283488     
  -416.00000000000006       0.18871684268310540     
  -415.00000000000000       0.18890667088316329     
  -414.00000000000000       0.18934829685699689     
  -413.00000000000000       0.18988946950033234     
  -412.00000000000006       0.19034359196046785     
  -411.00000000000000       0.19055396772486333     
  -410.00000000000000       0.19044777224399803     
  -409.00000000000006       0.19006116091708417     
  -408.00000000000006       0.18952685740486916     
  -407.00000000000000       0.18902848333931449     
  -406.00000000000000       0.18873734457996516     
  -405.00000000000000       0.18875343560679539     
  -404.00000000000006       0.18907097862918176     
  -403.00000000000000       0.18958037265344213     
  -402.00000000000000       0.19010589444717532     
  -401.00000000000006       0.19046618235602927     
  -400.00000000000006       0.19053668440568164     
  -399.00000000000000       0.19029256835777694     
  -398.00000000000000       0.18981731122092169     
  -397.00000000000000       0.18927399785196516     
  -396.00000000000000       0.18884919729029032     
  -395.00000000000000       0.18868873103446770     
  -394.00000000000000       0.18884744622973162     
  -393.00000000000006       0.18927029279258342     
  -392.00000000000000       0.18981123172861139     
  -391.00000000000000       0.19028347897878731     
  -390.00000000000000       0.19052379801135089     
  -388.99999999999994       0.19044871109771178     
  -388.00000000000000       0.19008327326069846     
  -387.00000000000000       0.18955249181157854     
  -386.00000000000000       0.18903833088674418     
  -385.00000000000006       0.18871708952596389     
  -384.00000000000000       0.18869870405111328     
  -383.00000000000000       0.18898887114380750     
  -382.00000000000006       0.18948703984405177     
  -381.00000000000006       0.19002097796882947     
  -380.00000000000000       0.19040602848724367     
  -379.00000000000000       0.19050866793858595     
  -378.00000000000000       0.19029249047289951     
  -377.00000000000006       0.18983078220089444     
  -376.00000000000000       0.18928134434680005     
  -375.00000000000000       0.18883221584061610     
  -374.00000000000006       0.18863696520206233     
  -373.00000000000006       0.18876181850944074     
  -372.00000000000000       0.18916282491929159     
  -371.00000000000000       0.18970093032903237     
  -370.00000000000000       0.19018978677979195     
  -369.00000000000000       0.19045985783913061     
  -368.00000000000000       0.19041676642426877     
  -367.00000000000000       0.19007380479342331     
  -366.00000000000006       0.18954740995368721     
  -365.00000000000000       0.18901714676388778     
  -364.00000000000000       0.18866395341783537     
  -363.00000000000000       0.18860788778001433     
  -362.00000000000000       0.18886679213796029     
  -361.00000000000000       0.18935010478071501     
  -360.00000000000000       0.18988996072944561     
  -359.00000000000000       0.19029889737565978     
  -358.00000000000006       0.19043432573428448     
  -357.00000000000000       0.19024759444498990     
  -356.00000000000000       0.18980076575201829     
  -355.00000000000006       0.18924532199432262     
  -354.00000000000006       0.18877011163005195     
  -353.00000000000000       0.18853642410408847     
  -352.00000000000000       0.18862251413261943     
  -351.00000000000000       0.18899665338257834     
  -350.00000000000006       0.18952798466023410     
  -349.00000000000000       0.19003145989486256     
  -348.00000000000000       0.19033142508697284     
  -347.00000000000006       0.19032200145684566     
  -346.00000000000006       0.19000350769030797     
  -345.00000000000000       0.18948239768329847     
  -344.00000000000000       0.18893472384782548     
  -343.00000000000000       0.18854567019313714     
  -342.00000000000006       0.18844592486318576     
  -341.00000000000000       0.18866675203754793     
  -340.00000000000000       0.18912920321790019     
  -339.00000000000006       0.18967118324614851     
  -338.00000000000000       0.19010308445987251     
  -337.00000000000000       0.19027288908319057     
  -336.00000000000006       0.19011838551872459     
  -335.00000000000000       0.18968856596048414     
  -334.00000000000000       0.18912685188615694     
  -333.00000000000000       0.18862189780882518     
  -332.00000000000000       0.18834285343648899     
  -331.00000000000006       0.18838129998307684     
  -330.00000000000000       0.18871978741652265     
  -329.00000000000000       0.18923777270576086     
  -328.00000000000006       0.18975292758326640     
  -326.99999999999994       0.19008365103799063     
  -326.00000000000000       0.19011134865477824     
  -325.00000000000000       0.18982112128066589     
  -324.00000000000000       0.18930690961155425     
  -323.00000000000006       0.18873932803471669     
  -322.00000000000000       0.18830721079322610     
  -321.00000000000000       0.18815290201580395     
  -320.00000000000006       0.18832346255565141     
  -318.99999999999994       0.18875451015622091     
  -318.00000000000000       0.18929222816484087     
  -317.00000000000000       0.18974600475697390     
  -316.00000000000000       0.18995367770270666     
  -315.00000000000006       0.18983704842468577     
  -314.00000000000000       0.18942866564878877     
  -313.00000000000000       0.18886071637950611     
  -312.00000000000000       0.18831982943038886     
  -311.00000000000000       0.18798325552604117     
  -310.00000000000000       0.18795825116825374     
  -309.00000000000000       0.18824538925427817     
  -308.00000000000000       0.18873833168907861     
  -307.00000000000000       0.18926013288713905     
  -306.00000000000000       0.18962366216310581     
  -305.00000000000000       0.18969550149857781     
  -304.00000000000000       0.18944150012180200     
  -303.00000000000000       0.18893844238030061     
  -302.00000000000000       0.18834786009693019     
  -301.00000000000000       0.18786093875858464     
  -300.00000000000000       0.18763331968476515     
  -299.00000000000000       0.18773203134463040     
  -298.00000000000000       0.18811263101863682     
  -297.00000000000000       0.18863432877706765     
  -296.00000000000000       0.18910792085246894     
  -295.00000000000000       0.18936019210113192     
  -294.00000000000000       0.18929285700209669     
  -293.00000000000000       0.18891598917523283     
  -292.00000000000000       0.18834458815749514     
  -291.00000000000000       0.18775947851340991     
  -290.00000000000000       0.18734585762327405     
  -289.00000000000000       0.18723038607693773     
  -288.00000000000000       0.18743818326316158     
  -287.00000000000000       0.18788430589091468     
  -286.00000000000000       0.18840256711794720     
  -285.00000000000000       0.18880188583873977     
  -284.00000000000000       0.18893103764885594     
  -283.00000000000000       0.18872986162766739     
  -282.00000000000000       0.18824959905576077     
  -281.00000000000000       0.18763551763054198     
  -280.00000000000000       0.18707774619847059     
  -279.00000000000000       0.18674698390409689     
  -278.00000000000000       0.18673682871223449     
  -277.00000000000000       0.18703219273146840     
  -276.00000000000000       0.18751442666344700     
  -275.00000000000000       0.18800136871843753     
  -274.00000000000000       0.18830876113712597     
  -273.00000000000000       0.18831230687188089     
  -272.00000000000000       0.18798947056251197     
  -271.00000000000000       0.18742699415070807     
  -270.00000000000000       0.18679166271286196     
  -269.00000000000000       0.18627421391480314     
  -268.00000000000000       0.18602527905238103     
  -267.00000000000000       0.18610486753531030     
  -266.00000000000000       0.18646230498411115     
  -265.00000000000000       0.18695328081260326     
  -264.00000000000000       0.18738821434254255     
  -263.00000000000000       0.18759568622665965     
  -262.00000000000000       0.18747969556486144     
  -261.00000000000000       0.18705163410998807     
  -260.00000000000000       0.18642637167432052     
  -259.00000000000000       0.18578385240132259     
  -258.00000000000000       0.18530908912449320     
  -257.00000000000000       0.18513058817427200     
  -256.00000000000000       0.18527768454299823     
  -255.00000000000000       0.18567090501255790     
  -254.00000000000000       0.18614845661493218     
  -253.00000000000000       0.18651994412235853     
  -252.00000000000000       0.18662943573118956     
  -251.00000000000000       0.18640697848646129     
  -250.00000000000000       0.18589157566408324     
  -249.00000000000000       0.18521814035835385     
  -248.00000000000000       0.18457285882428151     
  -247.00000000000000       0.18413178620516921     
  -246.00000000000000       0.18400294404236922     
  -245.00000000000000       0.18419093600898465     
  -244.00000000000000       0.18459560600834793     
  -243.00000000000003       0.18504503702187006     
  -242.00000000000000       0.18535193889796941     
  -241.00000000000003       0.18537488276265601     
  -240.00000000000000       0.18506436199147025     
  -239.00000000000003       0.18447872729164438     
  -238.00000000000000       0.18376494866604226     
  -237.00000000000003       0.18311063211003870     
  -236.00000000000000       0.18268301775256171     
  -235.00000000000003       0.18257480829181549     
  -234.00000000000000       0.18277433286668035     
  -233.00000000000003       0.18316956187115038     
  -232.00000000000000       0.18358449036786995     
  -231.00000000000003       0.18383598167659423     
  -230.00000000000000       0.18379266294128990     
  -229.00000000000003       0.18341694189757185     
  -228.00000000000000       0.18277677335202339     
  -227.00000000000000       0.18202359648313279     
  -226.00000000000000       0.18134370821439966     
  -225.00000000000000       0.18089875625927077     
  -224.00000000000000       0.18077437062597740     
  -223.00000000000000       0.18095320249347871     
  -222.00000000000000       0.18132075179148441     
  -221.00000000000000       0.18170190482302789     
  -220.00000000000000       0.18191641465351263     
  -219.00000000000000       0.18183569089480128     
  -218.00000000000000       0.18142302124642659     
  -217.00000000000000       0.18074472606107081     
  -216.00000000000000       0.17994898324749123     
  -215.00000000000000       0.17921920628629326     
  -214.00000000000000       0.17871672837309224     
  -213.00000000000000       0.17853071911639615     
  -212.00000000000000       0.17865081925376697     
  -211.00000000000000       0.17897076681565074     
  -210.00000000000003       0.17932161300538282     
  -209.00000000000000       0.17952401634361984     
  -208.00000000000003       0.17944335806048523     
  -207.00000000000000       0.17903075128833579     
  -206.00000000000003       0.17833754147245856     
  -205.00000000000000       0.17749914235474690     
  -204.00000000000003       0.17669343995187572     
  -203.00000000000000       0.17608664964530116     
  -202.00000000000003       0.17578313870128573     
  -201.00000000000000       0.17579430565122001     
  -200.00000000000003       0.17603566323966430     
  -199.00000000000000       0.17635267856544487     
  -198.00000000000000       0.17656731181428031     
  -197.00000000000000       0.17653113901716785     
  -196.00000000000000       0.17616919745668577     
  -195.00000000000000       0.17550168394592405     
  -194.00000000000000       0.17463737950683220     
  -193.00000000000000       0.17374109691702366     
  -192.00000000000000       0.17298503457958439     
  -191.00000000000000       0.17249846487196629     
  -190.00000000000000       0.17233042883325417     
  -189.00000000000000       0.17243608096815008     
  -188.00000000000000       0.17269029851126799     
  -187.00000000000003       0.17292424403016793     
  -186.00000000000000       0.17297405433642091     
  -185.00000000000000       0.17272755741473039     
  -183.99999999999997       0.17215574517939505     
  -183.00000000000003       0.17132031160090286     
  -182.00000000000000       0.17035550378086783     
  -181.00000000000000       0.16942980368940302     
  -179.99999999999997       0.16869850508161210     
  -179.00000000000003       0.16826056678297133     
  -178.00000000000000       0.16813165501514241     
  -176.99999999999997       0.16824055114169462     
  -176.00000000000003       0.16844950383943613     
  -175.00000000000003       0.16859251959695271     
  -174.00000000000000       0.16852081847482511     
  -172.99999999999997       0.16814297861279281     
  -172.00000000000003       0.16744901966220346     
  -171.00000000000003       0.16651225534947359     
  -170.00000000000000       0.16546885291010277     
  -168.99999999999997       0.16448098537782405     
  -168.00000000000003       0.16369367131418658     
  -167.00000000000000       0.16319680869384490     
  -166.00000000000000       0.16300224993553966     
  -164.99999999999997       0.16304157785615114     
  -164.00000000000003       0.16318471202184098     
  -163.00000000000000       0.16327408723041348     
  -162.00000000000000       0.16316528734630420     
  -160.99999999999997       0.16276362205617761     
  -160.00000000000003       0.16204746338769938     
  -159.00000000000000       0.16107276904677517     
  -158.00000000000000       0.15995810849471118     
  -156.99999999999997       0.15885439608404955     
  -156.00000000000003       0.15790720332542380     
  -155.00000000000000       0.15722111023579388     
  -154.00000000000000       0.15683476005703942     
  -152.99999999999997       0.15671239971948464     
  -152.00000000000003       0.15675351299594231     
  -151.00000000000000       0.15681775185950414     
  -149.99999999999997       0.15675881226805888     
  -148.99999999999997       0.15645899485525985     
  -148.00000000000003       0.15585631407294678     
  -147.00000000000000       0.15495804656599049     
  -145.99999999999997       0.15383797554847953     
  -145.00000000000003       0.15261844565709784     
  -144.00000000000003       0.15144177810729489     
  -143.00000000000000       0.15043784346266742     
  -141.99999999999997       0.14969519850758609     
  -141.00000000000003       0.14924211179800820     
  -140.00000000000000       0.14904136044892236     
  -139.00000000000000       0.14899949372304969     
  -137.99999999999997       0.14898807004067763     
  -137.00000000000003       0.14887188090975276     
  -136.00000000000000       0.14853788030143628     
  -135.00000000000000       0.14791865220993888     
  -133.99999999999997       0.14700566727363490     
  -133.00000000000003       0.14584992517124890     
  -132.00000000000000       0.14455030566109162     
  -131.00000000000000       0.14323246728642422     
  -129.99999999999997       0.14202293244547226     
  -129.00000000000003       0.14102375684054608     
  -128.00000000000000       0.14029281153480899     
  -126.99999999999999       0.13983335306403935     
  -125.99999999999997       0.13959455400940396     
  -125.00000000000003       0.13948245078457575     
  -124.00000000000000       0.13937878415234570     
  -122.99999999999999       0.13916382880085468     
  -121.99999999999997       0.13873875436428135     
  -121.00000000000001       0.13804337948797915     
  -120.00000000000000       0.13706625150828097     
  -118.99999999999999       0.13584555417271948     
  -117.99999999999997       0.13446108937160814     
  -117.00000000000001       0.13301916556689655     
  -116.00000000000000       0.13163338097493107     
  -114.99999999999999       0.13040483996585270     
  -114.00000000000003       0.12940523572031243     
  -113.00000000000001       0.12866554027222432     
  -112.00000000000000       0.12817193036105895     
  -110.99999999999999       0.12786926769545998     
  -110.00000000000003       0.12767118249695197     
  -109.00000000000001       0.12747478829038655     
  -108.00000000000000       0.12717743165425816     
  -106.99999999999997       0.12669272141045107     
  -106.00000000000003       0.12596337340752570     
  -105.00000000000001       0.12496906404322877     
  -103.99999999999999       0.12372837244346781     
  -102.99999999999997       0.12229484939617212     
  -102.00000000000003       0.12074812713202053     
  -101.00000000000001       0.11918165252606108     
  -99.999999999999986       0.11768900643882761     
  -98.999999999999972       0.11635083466307107     
  -98.000000000000028       0.11522418242569747     
  -97.000000000000000       0.11433555689687340     
  -95.999999999999986       0.11367843006814803     
  -94.999999999999972       0.11321523788522626     
  -94.000000000000014       0.11288332596568408     
  -93.000000000000000       0.11260381504982724     
  -91.999999999999986       0.11229206149249313     
  -90.999999999999972       0.11186829035215080     
  -90.000000000000014       0.11126707252972301     
  -89.000000000000000       0.11044457021793970     
  -87.999999999999986       0.10938283716715419     
  -86.999999999999972       0.10809087444899836     
  -86.000000000000014       0.10660255152233272     
  -85.000000000000000       0.10497185723183593     
  -83.999999999999986       0.10326620956997085     
  -83.000000000000028       0.10155870592094364     
  -82.000000000000014       9.99202323983690993E-002
  -81.000000000000000       9.84122813920413897E-002
  -79.999999999999972       9.70811712528739518E-002
  -79.000000000000028       9.59541489058803737E-002
  -78.000000000000014       9.50376155920306803E-002
  -77.000000000000000       9.43174772674915257E-002
  -75.999999999999972       9.37614094962301997E-002
  -75.000000000000028       9.33226605866761955E-002
  -74.000000000000014       9.29449073617478749E-002
  -72.999999999999986       9.25676288927574364E-002
  -71.999999999999972       9.21314716008303364E-002
  -71.000000000000028       9.15831358317857336E-002
  -70.000000000000000       9.08794072341515408E-002
  -68.999999999999986       8.99900721397298015E-002
  -67.999999999999972       8.88995806988116671E-002
  -67.000000000000028       8.76074421231346628E-002
  -66.000000000000000       8.61274427386566066E-002
  -64.999999999999986       8.44858622950823979E-002
  -63.999999999999972       8.27189229026997347E-002
  -63.000000000000021       8.08697368546543449E-002
  -62.000000000000000       7.89850258101863351E-002
  -60.999999999999986       7.71118677419782850E-002
  -59.999999999999964       7.52946944119149975E-002
  -59.000000000000014       7.35727163519531435E-002
  -58.000000000000000       7.19778998937317532E-002
  -56.999999999999979       7.05335668223231876E-002
  -55.999999999999964       6.92536360732135398E-002
  -55.000000000000014       6.81424819189443559E-002
  -54.000000000000000       6.71953465948992995E-002
  -52.999999999999979       6.63992185323048767E-002
  -52.000000000000028       6.57340705809693060E-002
  -51.000000000000014       6.51743453060604355E-002
  -49.999999999999993       6.46905755192902221E-002
  -48.999999999999979       6.42510361458642071E-002
  -48.000000000000028       6.38233366206741315E-002
  -47.000000000000007       6.33758794946816251E-002
  -45.999999999999993       6.28791291619715254E-002
  -44.999999999999972       6.23066531293159434E-002
  -44.000000000000028       6.16359158485622061E-002
  -43.000000000000007       6.08488209095993313E-002
  -41.999999999999993       5.99320107380683503E-002
  -40.999999999999972       5.88769435179051434E-002
  -40.000000000000021       5.76797747686358178E-002
  -39.000000000000007       5.63410759468413111E-002
  -37.999999999999986       5.48654248583491516E-002
  -36.999999999999972       5.32609029071004769E-002
  -36.000000000000021       5.15385326743899794E-002
  -35.000000000000000       4.97116864395384175E-002
  -33.999999999999986       4.77954924349100960E-002
  -32.999999999999964       4.58062612523573373E-002
  -32.000000000000021       4.37609502177985082E-002
  -31.000000000000000       4.16766789974557794E-002
  -29.999999999999982       3.95703054083162142E-002
  -28.999999999999964       3.74580665292168005E-002
  -28.000000000000018       3.53552868489379404E-002
  -27.000000000000000       3.32761523939906073E-002
  -25.999999999999982       3.12335475649500836E-002
  -24.999999999999964       2.92389497556077328E-002
  -24.000000000000014       2.73023756929168700E-002
  -22.999999999999996       2.54323727582968541E-002
  -21.999999999999979       2.36360482664397416E-002
  -20.999999999999961       2.19191297148189218E-002
  -20.000000000000011       2.02860493070278480E-002
  -18.999999999999993       1.87400465292734374E-002
  -17.999999999999975       1.72832831634442408E-002
  -17.000000000000028       1.59169657998453583E-002
  -16.000000000000011       1.46414716254561917E-002
  -14.999999999999991       1.34564739739206577E-002
  -13.999999999999973       1.23610648045748162E-002
  -13.000000000000025       1.13538719103037540E-002
  -12.000000000000007       1.04331692240442475E-002
  -10.999999999999989       9.59697909390645407E-003
  -9.9999999999999716       8.84316582327512868E-003
  -9.0000000000000231       8.16952012540455783E-003
  -8.0000000000000053       7.57383442416803034E-003
  -6.9999999999999867       7.05396914872197852E-003
  -5.9999999999999689       6.60791032535984046E-003
  -5.0000000000000204       6.23381887162829940E-003
  -4.0000000000000027       5.93007205231959808E-003
  -2.9999999999999845       5.69529757128995565E-003
  -1.9999999999999665       5.52840075350463124E-003
  -1.0000000000000180       5.42858522470167013E-003
   0.0000000000000000       5.39536742714991687E-003
   1.0000000000000180       5.42858522470157992E-003
   2.0000000000000360       5.52840075350623846E-003
   2.9999999999999845       5.69529757129313800E-003
   4.0000000000000027       5.93007205232277783E-003
   5.0000000000000204       6.23381887163152425E-003
   6.0000000000000382       6.60791032536488937E-003
   6.9999999999999867       7.05396914872873960E-003
   8.0000000000000053       7.57383442417458932E-003
   9.0000000000000231       8.16952012541095722E-003
   10.000000000000041       8.84316582328372250E-003
   10.999999999999989       9.59697909391698904E-003
   12.000000000000007       1.04331692240544009E-002
   13.000000000000025       1.13538719103134494E-002
   13.999999999999973       1.23610648045904530E-002
   14.999999999999991       1.34564739739354254E-002
   16.000000000000011       1.46414716254700469E-002
   17.000000000000028       1.59169657998583722E-002
   17.999999999999975       1.72832831634648944E-002
   18.999999999999993       1.87400465292923354E-002
   20.000000000000011       2.02860493070446610E-002
   21.000000000000028       2.19191297148389509E-002
   21.999999999999979       2.36360482664622895E-002
   22.999999999999996       2.54323727583152526E-002
   24.000000000000014       2.73023756929306020E-002
   25.000000000000032       2.92389497556243237E-002
   25.999999999999982       3.12335475649693460E-002
   27.000000000000000       3.32761523940036871E-002
   28.000000000000018       3.53552868489443312E-002
   29.000000000000036       3.74580665292267509E-002
   29.999999999999982       3.95703054083292941E-002
   31.000000000000000       4.16766789974614763E-002
   32.000000000000021       4.37609502177967666E-002
   33.000000000000036       4.58062612523607096E-002
   33.999999999999986       4.77954924349181867E-002
   35.000000000000000       4.97116864395384522E-002
   36.000000000000021       5.15385326743811392E-002
   37.000000000000043       5.32609029070970907E-002
   37.999999999999986       5.48654248583517398E-002
   39.000000000000007       5.63410759468344000E-002
   40.000000000000021       5.76797747686187551E-002
   41.000000000000043       5.88769435178948947E-002
   41.999999999999993       5.99320107380648739E-002
   43.000000000000007       6.08488209095866261E-002
   44.000000000000028       6.16359158485405775E-002
   44.999999999999972       6.23066531293193990E-002
   45.999999999999993       6.28791291619670428E-002
   47.000000000000007       6.33758794946682469E-002
   48.000000000000028       6.38233366206522740E-002
   48.999999999999979       6.42510361458697027E-002
   49.999999999999993       6.46905755192881682E-002
   51.000000000000014       6.51743453060502076E-002
   52.000000000000028       6.57340705809505155E-002
   52.999999999999979       6.63992185323147438E-002
   54.000000000000000       6.71953465949007289E-002
   55.000000000000014       6.81424819189377085E-002
   56.000000000000036       6.92536360732171064E-002
   56.999999999999979       7.05335668223368156E-002
   58.000000000000000       7.19778998937355419E-002
   59.000000000000014       7.35727163519465516E-002
   60.000000000000036       7.52946944119178979E-002
   60.999999999999986       7.71118677419911080E-002
   62.000000000000000       7.89850258101876396E-002
   63.000000000000021       8.08697368546436313E-002
   64.000000000000043       8.27189229026999290E-002
   64.999999999999986       8.44858622950945687E-002
   66.000000000000000       8.61274427386566205E-002
   67.000000000000028       8.76074421231220202E-002
   68.000000000000043       8.88995806988116810E-002
   68.999999999999986       8.99900721397421111E-002
   70.000000000000000       9.08794072341509718E-002
   71.000000000000028       9.15831358317718974E-002
   72.000000000000043       9.21314716008294621E-002
   72.999999999999986       9.25676288927691077E-002
   74.000000000000014       9.29449073617463206E-002
   75.000000000000028       9.33226605866613879E-002
   76.000000000000043       9.37614094962282568E-002
   77.000000000000000       9.43174772675031969E-002
   78.000000000000014       9.50376155920290011E-002
   79.000000000000028       9.59541489058654135E-002
   79.999999999999972       9.70811712528993342E-002
   81.000000000000000       9.84122813920520201E-002
   82.000000000000014       9.99202323983647694E-002
   83.000000000000028       0.10155870592092456     
   83.999999999999986       0.10326620956999354     
   85.000000000000000       0.10497185723184305     
   86.000000000000014       0.10660255152232337     
   87.000000000000028       0.10809087444900370     
   87.999999999999986       0.10938283716717280     
   89.000000000000000       0.11044457021794107     
   90.000000000000014       0.11126707252970749     
   91.000000000000043       0.11186829035215051     
   91.999999999999986       0.11229206149250744     
   93.000000000000000       0.11260381504982489     
   94.000000000000014       0.11288332596566585     
   95.000000000000043       0.11321523788522400     
   95.999999999999986       0.11367843006816189     
   97.000000000000000       0.11433555689687157     
   98.000000000000028       0.11522418242568024     
   99.000000000000043       0.11635083466307179     
   99.999999999999986       0.11768900643884581     
   101.00000000000001       0.11918165252606323     
   102.00000000000003       0.12074812713200601     
   103.00000000000004       0.12229484939617506     
   103.99999999999999       0.12372837244348735     
   105.00000000000001       0.12496906404322976     
   106.00000000000003       0.12596337340750829     
   107.00000000000004       0.12669272141044988     
   108.00000000000000       0.12717743165427356     
   109.00000000000001       0.12747478829038220     
   110.00000000000003       0.12767118249692891     
   110.99999999999999       0.12786926769548990     
   112.00000000000000       0.12817193036106989     
   113.00000000000001       0.12866554027221580     
   114.00000000000003       0.12940523572028534     
   114.99999999999999       0.13040483996588004     
   116.00000000000000       0.13163338097493810     
   117.00000000000001       0.13301916556688384     
   118.00000000000003       0.13446108937161150     
   118.99999999999999       0.13584555417273836     
   120.00000000000000       0.13706625150827897     
   121.00000000000001       0.13804337948795536     
   122.00000000000004       0.13873875436427621     
   122.99999999999999       0.13916382880087005     
   124.00000000000000       0.13937878415234209     
   125.00000000000003       0.13948245078455357     
   125.99999999999997       0.13959455400944132     
   127.00000000000006       0.13983335306401840     
   128.00000000000000       0.14029281153480833     
   128.99999999999994       0.14102375684056401     
   130.00000000000003       0.14202293244546974     
   131.00000000000000       0.14323246728643979     
   132.00000000000009       0.14455030566104743     
   133.00000000000003       0.14584992517122669     
   133.99999999999997       0.14700566727367534     
   135.00000000000006       0.14791865220991976     
   136.00000000000000       0.14853788030143891     
   136.99999999999997       0.14887188090977596     
   138.00000000000006       0.14898807004067935     
   139.00000000000000       0.14899949372307089     
   140.00000000000009       0.14904136044887853     
   141.00000000000003       0.14924211179798413     
   141.99999999999997       0.14969519850762378     
   143.00000000000006       0.15043784346264080     
   144.00000000000003       0.15144177810728815     
   144.99999999999997       0.15261844565711213     
   146.00000000000006       0.15383797554847092     
   147.00000000000000       0.15495804656600118     
   147.99999999999994       0.15585631407297557     
   149.00000000000003       0.15645899485526329     
   149.99999999999997       0.15675881226808117     
   151.00000000000009       0.15681775185945851     
   152.00000000000003       0.15675351299591991     
   152.99999999999997       0.15671239971953005     
   154.00000000000006       0.15683476005702079     
   155.00000000000000       0.15722111023579999     
   155.99999999999994       0.15790720332545227     
   157.00000000000003       0.15885439608405547     
   158.00000000000000       0.15995810849473782     
   159.00000000000009       0.16107276904673137     
   160.00000000000003       0.16204746338767778     
   160.99999999999997       0.16276362205622402     
   162.00000000000006       0.16316528734628272     
   163.00000000000000       0.16327408723041539     
   163.99999999999997       0.16318471202186607     
   165.00000000000006       0.16304157785615311     
   166.00000000000000       0.16300224993556339     
   167.00000000000009       0.16319680869379918     
   168.00000000000003       0.16369367131416351     
   168.99999999999997       0.16448098537786915     
   170.00000000000006       0.16546885291007624     
   171.00000000000003       0.16651225534946912     
   171.99999999999997       0.16744901966221890     
   173.00000000000006       0.16814297861278318     
   174.00000000000000       0.16852081847483621     
   174.99999999999994       0.16859251959698315     
   176.00000000000003       0.16844950383939281     
   176.99999999999997       0.16824055114172062     
   178.00000000000006       0.16813165501509866     
   179.00000000000003       0.16826056678295540     
   179.99999999999997       0.16869850508167084     
   181.00000000000006       0.16942980368939303     
   182.00000000000000       0.17035550378088235     
   182.99999999999994       0.17132031160093858     
   184.00000000000003       0.17215574517940282     
   185.00000000000000       0.17272755741475690     
   186.00000000000009       0.17297405433637014     
   187.00000000000003       0.17292424403014106     
   187.99999999999997       0.17269029851129056     
   189.00000000000006       0.17243608096812615     
   190.00000000000000       0.17233042883325836     
   190.99999999999997       0.17249846487201886     
   192.00000000000006       0.17298503457956280     
   193.00000000000000       0.17374109691704695     
   194.00000000000009       0.17463737950677979     
   195.00000000000003       0.17550168394592094     
   195.99999999999997       0.17616919745670676     
   197.00000000000006       0.17653113901713852     
   198.00000000000000       0.17656731181427782     
   198.99999999999997       0.17635267856549211     
   200.00000000000006       0.17603566323963696     
   201.00000000000000       0.17579430565124157     
   202.00000000000009       0.17578313870123241     
   203.00000000000003       0.17608664964529966     
   203.99999999999997       0.17669343995189848     
   205.00000000000006       0.17749914235471839     
   206.00000000000003       0.17833754147245326     
   206.99999999999997       0.17903075128837684     
   208.00000000000006       0.17944335806044651     
   209.00000000000000       0.17952401634362844     
   209.99999999999994       0.17932161300541280     
   211.00000000000003       0.17897076681562910     
   212.00000000000000       0.17865081925379536     
   213.00000000000009       0.17853071911635113     
   214.00000000000003       0.17871672837310013     
   214.99999999999997       0.17921920628632829     
   216.00000000000006       0.17994898324747452     
   217.00000000000000       0.18074472606107755     
   217.99999999999994       0.18142302124647944     
   219.00000000000006       0.18183569089477394     
   220.00000000000000       0.18191641465353098     
   221.00000000000009       0.18170190482296819     
   222.00000000000003       0.18132075179148102     
   222.99999999999997       0.18095320249350633     
   224.00000000000006       0.18077437062595778     
   225.00000000000000       0.18089875625928065     
   225.99999999999997       0.18134370821446072     
   227.00000000000006       0.18202359648311303     
   228.00000000000000       0.18277677335204945     
   229.00000000000009       0.18341694189751470     
   230.00000000000003       0.18379266294128299     
   230.99999999999997       0.18383598167660892     
   232.00000000000006       0.18358449036783156     
   233.00000000000003       0.18316956187113798     
   233.99999999999997       0.18277433286672068     
   235.00000000000006       0.18257480829178124     
   236.00000000000000       0.18268301775258014     
   236.99999999999994       0.18311063211008280     
   238.00000000000003       0.18376494866603157     
   239.00000000000000       0.18447872729165482     
   240.00000000000009       0.18506436199142548     
   241.00000000000003       0.18537488276263570     
   241.99999999999997       0.18535193889800067     
   243.00000000000006       0.18504503702182307     
   244.00000000000000       0.18459560600835537     
   244.99999999999994       0.18419093600904282     
   246.00000000000003       0.18400294404234777     
   247.00000000000000       0.18413178620519546     
   248.00000000000009       0.18457285882422861     
   249.00000000000003       0.18521814035835424     
   249.99999999999997       0.18589157566410880     
   251.00000000000006       0.18640697848643367     
   252.00000000000000       0.18662943573118959     
   252.99999999999997       0.18651994412241055     
   254.00000000000006       0.18614845661490190     
   255.00000000000000       0.18567090501257663     
   256.00000000000006       0.18527768454293833     
   257.00000000000006       0.18513058817426636     
   258.00000000000000       0.18530908912451804     
   259.00000000000006       0.18578385240129924     
   260.00000000000000       0.18642637167432707     
   260.99999999999994       0.18705163411004766     
   262.00000000000006       0.18747969556483876     
   263.00000000000000       0.18759568622668688     
   264.00000000000011       0.18738821434248681     
   265.00000000000006       0.18695328081260076     
   266.00000000000000       0.18646230498413624     
   267.00000000000006       0.18610486753528271     
   268.00000000000000       0.18602527905238114     
   268.99999999999994       0.18627421391485416     
   270.00000000000006       0.18679166271283354     
   271.00000000000000       0.18742699415073072     
   271.99999999999994       0.18798947056255577     
   273.00000000000006       0.18831230687186520     
   274.00000000000000       0.18830876113713121     
   275.00000000000006       0.18800136871838766     
   276.00000000000000       0.18751442666342694     
   277.00000000000000       0.18703219273150523     
   278.00000000000006       0.18673682871222216     
   279.00000000000000       0.18674698390411290     
   279.99999999999994       0.18707774619853695     
   281.00000000000006       0.18763551763052302     
   282.00000000000000       0.18824959905578817     
   283.00000000000006       0.18872986162761007     
   284.00000000000006       0.18893103764885102     
   285.00000000000000       0.18880188583876187     
   286.00000000000006       0.18840256711791778     
   287.00000000000000       0.18788430589091379     
   287.99999999999994       0.18743818326321590     
   289.00000000000006       0.18723038607691131     
   290.00000000000000       0.18734585762329720     
   291.00000000000011       0.18775947851335206     
   292.00000000000006       0.18834458815749372     
   293.00000000000000       0.18891598917525793     
   294.00000000000006       0.18929285700207077     
   295.00000000000000       0.18936019210113345     
   295.99999999999994       0.18910792085252295     
   297.00000000000006       0.18863432877704026     
   298.00000000000000       0.18811263101865949     
   299.00000000000011       0.18773203134457131     
   300.00000000000006       0.18763331968475952     
   301.00000000000000       0.18786093875860632     
   302.00000000000006       0.18834786009689788     
   303.00000000000000       0.18893844238029617     
   304.00000000000000       0.18944150012184924     
   305.00000000000006       0.18969550149854239     
   306.00000000000000       0.18962366216312182     
   306.99999999999994       0.18926013288717725     
   308.00000000000006       0.18873833168905935     
   309.00000000000000       0.18824538925430889     
   310.00000000000006       0.18795825116820333     
   311.00000000000006       0.18798325552604669     
   312.00000000000000       0.18831982943042058     
   313.00000000000006       0.18886071637948534     
   314.00000000000000       0.18942866564879449     
   314.99999999999994       0.18983704842471844     
   316.00000000000006       0.18995367770271010     
   317.00000000000000       0.18974600475700099     
   318.00000000000006       0.18929222816478547     
   319.00000000000006       0.18875451015624614     
   320.00000000000000       0.18832346255565185     
   321.00000000000006       0.18815290201577836     
   322.00000000000000       0.18830721079323104     
   322.99999999999994       0.18873932803474894     
   324.00000000000006       0.18930690961155763     
   325.00000000000000       0.18982112128069126     
   326.00000000000011       0.19011134865471835     
   327.00000000000006       0.19008365103800931     
   328.00000000000000       0.18975292758325424     
   329.00000000000006       0.18923777270572115     
   330.00000000000000       0.18871978741651257     
   330.99999999999994       0.18838129998309661     
   332.00000000000006       0.18834285343648294     
   333.00000000000000       0.18862189780884844     
   333.99999999999994       0.18912685188620307     
   335.00000000000006       0.18968856596049624     
   336.00000000000000       0.19011838551870047     
   337.00000000000006       0.19027288908313536     
   338.00000000000000       0.19010308445984614     
   339.00000000000000       0.18967118324615390     
   340.00000000000006       0.18912920321788604     
   341.00000000000000       0.18866675203756694     
   341.99999999999994       0.18844592486323292     
   343.00000000000006       0.18854567019315524     
   344.00000000000000       0.18893472384786295     
   345.00000000000006       0.18948239768324837     
   346.00000000000006       0.19000350769027838     
   347.00000000000000       0.19032200145684208     
   348.00000000000006       0.19033142508694550     
   349.00000000000000       0.19003145989486814     
   349.99999999999994       0.18952798466027060     
   351.00000000000006       0.18899665338259036     
   352.00000000000000       0.18862251413265763     
   353.00000000000011       0.18853642410404456     
   354.00000000000006       0.18877011163003149     
   355.00000000000000       0.18924532199432695     
   356.00000000000006       0.18980076575199326     
   357.00000000000000       0.19024759444499337     
   357.99999999999994       0.19043432573431307     
   359.00000000000006       0.19029889737565958     
   360.00000000000000       0.18988996072946845     
   361.00000000000011       0.18935010478065509     
   362.00000000000006       0.18886679213798147     
   363.00000000000000       0.18860788778005902     
   364.00000000000006       0.18866395341779732     
   365.00000000000000       0.18901714676387407     
   366.00000000000000       0.18954740995369865     
   367.00000000000006       0.19007380479340885     
   368.00000000000000       0.19041676642428290     
   368.99999999999994       0.19045985783916916     
   370.00000000000006       0.19018978677980014     
   371.00000000000000       0.18970093032906343     
   372.00000000000006       0.18916282491923836     
   373.00000000000006       0.18876181850941551     
   374.00000000000000       0.18863696520206846     
   375.00000000000006       0.18883221584060206     
   376.00000000000000       0.18928134434681992     
   376.99999999999994       0.18983078220094246     
   378.00000000000006       0.19029249047291852     
   379.00000000000000       0.19050866793862570     
   380.00000000000011       0.19040602848719479     
   381.00000000000006       0.19002097796880441     
   382.00000000000000       0.18948703984405055     
   383.00000000000006       0.18898887114378204     
   384.00000000000000       0.18869870405111713     
   384.99999999999994       0.18871708952599653     
   386.00000000000006       0.18903833088674835     
   387.00000000000000       0.18955249181160511     
   388.00000000000011       0.19008327326063987     
   389.00000000000006       0.19044871109773032     
   390.00000000000000       0.19052379801139124     
   391.00000000000006       0.19028347897874204     
   392.00000000000000       0.18981123172858952     
   393.00000000000000       0.18927029279258725     
   394.00000000000006       0.18884744622971025     
   395.00000000000000       0.18868873103447750     
   395.99999999999994       0.18884919729032990     
   397.00000000000006       0.18927399785197685     
   398.00000000000000       0.18981731122095838     
   399.00000000000006       0.19029256835772798     
   400.00000000000006       0.19053668440565830     
   401.00000000000000       0.19046618235603158     
   402.00000000000006       0.19010589444715159     
   403.00000000000000       0.18958037265344954     
   403.99999999999994       0.18907097862921826     
   405.00000000000006       0.18875343560680574     
   406.00000000000000       0.18873734458000074     
   407.00000000000011       0.18902848333926894     
   408.00000000000006       0.18952685740484951     
   409.00000000000000       0.19006116091709299     
   410.00000000000006       0.19044777224398216     
   411.00000000000000       0.19055396772487679     
   411.99999999999994       0.19034359196050704     
   413.00000000000006       0.18988946950034111     
   414.00000000000000       0.18934829685702928     
   415.00000000000011       0.18890667088311119     
   416.00000000000006       0.18871684268307973     
   417.00000000000000       0.18884431698283982     
   418.00000000000006       0.18924533186580630     
   419.00000000000000       0.18978196163353314     
   420.00000000000000       0.19026963124585089     
   421.00000000000006       0.19054067466261973     
   422.00000000000000       0.19050205138704690     
   423.00000000000011       0.19016735347378233     
   424.00000000000006       0.18965209223170668     
   425.00000000000000       0.18913389867688213     
   426.00000000000006       0.18879135026855914     
   427.00000000000000       0.18874249058915851     
   428.00000000000000       0.18900420805050294     
   429.00000000000006       0.18948645230014863     
   430.00000000000000       0.19002326923512547     
   430.99999999999994       0.19042995923461389     
   432.00000000000006       0.19056667266012223     
   433.00000000000000       0.19038654600615681     
   434.00000000000006       0.18995181053107976     
   435.00000000000006       0.18941233625369427     
   436.00000000000000       0.18895400858419970     
   437.00000000000006       0.18873471905528380     
   438.00000000000000       0.18883001121202636     
   438.99999999999994       0.18920709281072118     
   440.00000000000006       0.18973615443779576     
   441.00000000000000       0.19023508812212872     
   442.00000000000011       0.19053220112543970     
   443.00000000000006       0.19052532826688007     
   444.00000000000000       0.19021699134291545     
   445.00000000000006       0.18971350597446091     
   446.00000000000000       0.18918835187635458     
   446.99999999999994       0.18882242653838446     
   448.00000000000006       0.18874175848044730     
   449.00000000000000       0.18897412630386762     
   450.00000000000011       0.18943951572303833     
   451.00000000000006       0.18997769299049197     
   452.00000000000000       0.19040339307183296     
   453.00000000000006       0.19057011499289941     
   454.00000000000000       0.19042055716253531     
   455.00000000000000       0.19000632985500607     
   456.00000000000006       0.18947016361692406     
   457.00000000000000       0.18899674670697192     
   458.00000000000011       0.18874912489168133     
   459.00000000000006       0.18881256484212294     
   460.00000000000000       0.18916520858108571     
   461.00000000000006       0.18968561846672488     
   462.00000000000006       0.19019460847246225     
   463.00000000000000       0.19051695264113805     
   464.00000000000006       0.19054171993004246     
   465.00000000000000       0.19026046105271674     
   465.99999999999994       0.18977010217209300     
   467.00000000000006       0.18923955444937815     
   468.00000000000000       0.18885154197907744     
   469.00000000000011       0.18873968181013390     
   470.00000000000006       0.18894248173521902     
   471.00000000000000       0.18939009336552148     
   472.00000000000006       0.18992837746541175     
   473.00000000000000       0.19037199038478694     
   473.99999999999994       0.19056820875196773     
   475.00000000000006       0.19044951433920851     
   476.00000000000000       0.19005683376693000     
   477.00000000000011       0.18952543413065787     
   478.00000000000006       0.18903833516486995     
   479.00000000000000       0.18876328307301579     
   480.00000000000006       0.18879498976523326     
   481.00000000000000       0.18912252609621247     
   482.00000000000000       0.18963309451575908     
   483.00000000000006       0.19015087891292412     
   484.00000000000000       0.19049759127059496     
   485.00000000000011       0.19055386485465250     
   486.00000000000006       0.19030035376232077     
   487.00000000000000       0.18982438801327645     
   488.00000000000006       0.18928989484389191     
   489.00000000000006       0.18888094585148374     
   490.00000000000000       0.18873837066096288     
   491.00000000000006       0.18891126417831422     
   492.00000000000000       0.18934008490276263     
   492.99999999999994       0.18987716287003328     
   494.00000000000006       0.19033755383365356     
   495.00000000000000       0.19056272704372029     
   496.00000000000011       0.19047515541380550     
   497.00000000000006       0.19010501024616125     
   498.00000000000000       0.18957976883842600     
   499.00000000000006       0.18908031431521635     
   500.00000000000000       0.18877864527463778     
